Device, Measure Date Time, Exist
9A38F234-2D0B-487D-89B1-7D7DC7A00F0B, 2021-01-31T01:59:55, false
9A38F234-2D0B-487D-89B1-7D7DC7A00F0B, 2021-01-31T02:00:27, true
9A38F234-2D0B-487D-89B1-7D7DC7A00F0B, 2021-01-31T02:01:31, true
9A38F234-2D0B-487D-89B1-7D7DC7A00F0B, 2021-01-31T02:02:35, true
9A38F234-2D0B-487D-89B1-7D7DC7A00F0B, 2021-01-31T02:03:42, true
9A38F234-2D0B-487D-89B1-7D7DC7A00F0B, 2021-01-31T02:04:53, true
9A38F234-2D0B-487D-89B1-7D7DC7A00F0B, 2021-01-31T02:06:05, true
9A38F234-2D0B-487D-89B1-7D7DC7A00F0B, 2021-01-31T02:07:09, true
9A38F234-2D0B-487D-89B1-7D7DC7A00F0B, 2021-01-31T02:08:18, true
9A38F234-2D0B-487D-89B1-7D7DC7A00F0B, 2021-01-31T02:09:23, true
9A38F234-2D0B-487D-89B1-7D7DC7A00F0B, 2021-01-31T02:10:23, true
9A38F234-2D0B-487D-89B1-7D7DC7A00F0B, 2021-01-31T02:11:27, true
9A38F234-2D0B-487D-89B1-7D7DC7A00F0B, 2021-01-31T02:12:37, true
9A38F234-2D0B-487D-89B1-7D7DC7A00F0B, 2021-01-31T02:13:47, true
9A38F234-2D0B-487D-89B1-7D7DC7A00F0B, 2021-01-31T02:14:57, true
9A38F234-2D0B-487D-89B1-7D7DC7A00F0B, 2021-01-31T02:16:04, true
9A38F234-2D0B-487D-89B1-7D7DC7A00F0B, 2021-01-31T02:17:12, true
9A38F234-2D0B-487D-89B1-7D7DC7A00F0B, 2021-01-31T02:18:17, true
9A38F234-2D0B-487D-89B1-7D7DC7A00F0B, 2021-01-31T02:19:21, true
9A38F234-2D0B-487D-89B1-7D7DC7A00F0B, 2021-01-31T02:20:25, true
9A38F234-2D0B-487D-89B1-7D7DC7A00F0B, 2021-01-31T02:21:31, true
9A38F234-2D0B-487D-89B1-7D7DC7A00F0B, 2021-01-31T02:22:42, true
9A38F234-2D0B-487D-89B1-7D7DC7A00F0B, 2021-01-31T02:23:46, true
9A38F234-2D0B-487D-89B1-7D7DC7A00F0B, 2021-01-31T02:24:47, true
9A38F234-2D0B-487D-89B1-7D7DC7A00F0B, 2021-01-31T02:25:48, true
9A38F234-2D0B-487D-89B1-7D7DC7A00F0B, 2021-01-31T02:26:53, true
9A38F234-2D0B-487D-89B1-7D7DC7A00F0B, 2021-01-31T02:27:56, true
9A38F234-2D0B-487D-89B1-7D7DC7A00F0B, 2021-01-31T02:29:01, true
9A38F234-2D0B-487D-89B1-7D7DC7A00F0B, 2021-01-31T02:30:05, true
9A38F234-2D0B-487D-89B1-7D7DC7A00F0B, 2021-01-31T02:31:07, true
9A38F234-2D0B-487D-89B1-7D7DC7A00F0B, 2021-01-31T02:32:16, true
9A38F234-2D0B-487D-89B1-7D7DC7A00F0B, 2021-01-31T02:33:23, true
9A38F234-2D0B-487D-89B1-7D7DC7A00F0B, 2021-01-31T02:34:33, true
9A38F234-2D0B-487D-89B1-7D7DC7A00F0B, 2021-01-31T02:35:37, true
9A38F234-2D0B-487D-89B1-7D7DC7A00F0B, 2021-01-31T02:36:46, true
9A38F234-2D0B-487D-89B1-7D7DC7A00F0B, 2021-01-31T02:37:50, true
9A38F234-2D0B-487D-89B1-7D7DC7A00F0B, 2021-01-31T02:38:55, true
9A38F234-2D0B-487D-89B1-7D7DC7A00F0B, 2021-01-31T02:40:02, true
9A38F234-2D0B-487D-89B1-7D7DC7A00F0B, 2021-01-31T02:41:13, true
9A38F234-2D0B-487D-89B1-7D7DC7A00F0B, 2021-01-31T02:42:18, true
9A38F234-2D0B-487D-89B1-7D7DC7A00F0B, 2021-01-31T02:43:23, true
9A38F234-2D0B-487D-89B1-7D7DC7A00F0B, 2021-01-31T02:44:37, true
9A38F234-2D0B-487D-89B1-7D7DC7A00F0B, 2021-01-31T02:45:40, true
9A38F234-2D0B-487D-89B1-7D7DC7A00F0B, 2021-01-31T02:46:45, true
9A38F234-2D0B-487D-89B1-7D7DC7A00F0B, 2021-01-31T02:47:55, true
9A38F234-2D0B-487D-89B1-7D7DC7A00F0B, 2021-01-31T02:49:00, true
9A38F234-2D0B-487D-89B1-7D7DC7A00F0B, 2021-01-31T02:50:05, true
9A38F234-2D0B-487D-89B1-7D7DC7A00F0B, 2021-01-31T02:51:10, true
9A38F234-2D0B-487D-89B1-7D7DC7A00F0B, 2021-01-31T02:52:17, true
9A38F234-2D0B-487D-89B1-7D7DC7A00F0B, 2021-01-31T02:53:27, true
9A38F234-2D0B-487D-89B1-7D7DC7A00F0B, 2021-01-31T02:54:32, true
9A38F234-2D0B-487D-89B1-7D7DC7A00F0B, 2021-01-31T02:55:36, true
9A38F234-2D0B-487D-89B1-7D7DC7A00F0B, 2021-01-31T02:56:41, true
9A38F234-2D0B-487D-89B1-7D7DC7A00F0B, 2021-01-31T02:57:46, true
9A38F234-2D0B-487D-89B1-7D7DC7A00F0B, 2021-01-31T02:58:52, true
9A38F234-2D0B-487D-89B1-7D7DC7A00F0B, 2021-01-31T02:59:56, true
9A38F234-2D0B-487D-89B1-7D7DC7A00F0B, 2021-01-31T03:01:02, true
9A38F234-2D0B-487D-89B1-7D7DC7A00F0B, 2021-01-31T03:02:06, true
9A38F234-2D0B-487D-89B1-7D7DC7A00F0B, 2021-01-31T03:03:11, true
9A38F234-2D0B-487D-89B1-7D7DC7A00F0B, 2021-01-31T03:04:17, true
9A38F234-2D0B-487D-89B1-7D7DC7A00F0B, 2021-01-31T03:05:22, true
9A38F234-2D0B-487D-89B1-7D7DC7A00F0B, 2021-01-31T03:06:32, true
9A38F234-2D0B-487D-89B1-7D7DC7A00F0B, 2021-01-31T03:07:34, true
9A38F234-2D0B-487D-89B1-7D7DC7A00F0B, 2021-01-31T03:08:38, true
9A38F234-2D0B-487D-89B1-7D7DC7A00F0B, 2021-01-31T03:09:42, true
9A38F234-2D0B-487D-89B1-7D7DC7A00F0B, 2021-01-31T03:10:52, true
9A38F234-2D0B-487D-89B1-7D7DC7A00F0B, 2021-01-31T03:12:02, true
9A38F234-2D0B-487D-89B1-7D7DC7A00F0B, 2021-01-31T03:13:06, true
9A38F234-2D0B-487D-89B1-7D7DC7A00F0B, 2021-01-31T03:14:16, true
9A38F234-2D0B-487D-89B1-7D7DC7A00F0B, 2021-01-31T03:15:20, true
9A38F234-2D0B-487D-89B1-7D7DC7A00F0B, 2021-01-31T03:16:30, true
9A38F234-2D0B-487D-89B1-7D7DC7A00F0B, 2021-01-31T03:17:40, true
9A38F234-2D0B-487D-89B1-7D7DC7A00F0B, 2021-01-31T03:18:46, true
9A38F234-2D0B-487D-89B1-7D7DC7A00F0B, 2021-01-31T03:19:50, true
9A38F234-2D0B-487D-89B1-7D7DC7A00F0B, 2021-01-31T03:20:56, true
9A38F234-2D0B-487D-89B1-7D7DC7A00F0B, 2021-01-31T03:22:01, true
9A38F234-2D0B-487D-89B1-7D7DC7A00F0B, 2021-01-31T03:23:06, true
9A38F234-2D0B-487D-89B1-7D7DC7A00F0B, 2021-01-31T03:24:09, true
9A38F234-2D0B-487D-89B1-7D7DC7A00F0B, 2021-01-31T03:25:11, true
9A38F234-2D0B-487D-89B1-7D7DC7A00F0B, 2021-01-31T03:26:17, true
9A38F234-2D0B-487D-89B1-7D7DC7A00F0B, 2021-01-31T03:27:22, true
9A38F234-2D0B-487D-89B1-7D7DC7A00F0B, 2021-01-31T03:28:35, true
9A38F234-2D0B-487D-89B1-7D7DC7A00F0B, 2021-01-31T03:29:38, true
9A38F234-2D0B-487D-89B1-7D7DC7A00F0B, 2021-01-31T03:30:43, true
9A38F234-2D0B-487D-89B1-7D7DC7A00F0B, 2021-01-31T03:31:48, true
9A38F234-2D0B-487D-89B1-7D7DC7A00F0B, 2021-01-31T03:32:49, true
9A38F234-2D0B-487D-89B1-7D7DC7A00F0B, 2021-01-31T03:33:56, true
9A38F234-2D0B-487D-89B1-7D7DC7A00F0B, 2021-01-31T03:35:01, true
9A38F234-2D0B-487D-89B1-7D7DC7A00F0B, 2021-01-31T03:36:06, true
9A38F234-2D0B-487D-89B1-7D7DC7A00F0B, 2021-01-31T03:37:06, true
9A38F234-2D0B-487D-89B1-7D7DC7A00F0B, 2021-01-31T03:38:17, true
9A38F234-2D0B-487D-89B1-7D7DC7A00F0B, 2021-01-31T03:39:21, true
9A38F234-2D0B-487D-89B1-7D7DC7A00F0B, 2021-01-31T03:40:27, true
9A38F234-2D0B-487D-89B1-7D7DC7A00F0B, 2021-01-31T03:41:32, true
9A38F234-2D0B-487D-89B1-7D7DC7A00F0B, 2021-01-31T03:42:36, true
9A38F234-2D0B-487D-89B1-7D7DC7A00F0B, 2021-01-31T03:43:41, true
9A38F234-2D0B-487D-89B1-7D7DC7A00F0B, 2021-01-31T03:44:46, true
9A38F234-2D0B-487D-89B1-7D7DC7A00F0B, 2021-01-31T03:45:57, true
9A38F234-2D0B-487D-89B1-7D7DC7A00F0B, 2021-01-31T03:47:04, true
9A38F234-2D0B-487D-89B1-7D7DC7A00F0B, 2021-01-31T03:48:11, true
9A38F234-2D0B-487D-89B1-7D7DC7A00F0B, 2021-01-31T03:49:21, true
9A38F234-2D0B-487D-89B1-7D7DC7A00F0B, 2021-01-31T03:50:31, true
9A38F234-2D0B-487D-89B1-7D7DC7A00F0B, 2021-01-31T03:51:38, true
9A38F234-2D0B-487D-89B1-7D7DC7A00F0B, 2021-01-31T03:52:43, true
9A38F234-2D0B-487D-89B1-7D7DC7A00F0B, 2021-01-31T03:53:52, true
9A38F234-2D0B-487D-89B1-7D7DC7A00F0B, 2021-01-31T03:54:59, true
9A38F234-2D0B-487D-89B1-7D7DC7A00F0B, 2021-01-31T03:56:06, true
9A38F234-2D0B-487D-89B1-7D7DC7A00F0B, 2021-01-31T03:57:11, true
9A38F234-2D0B-487D-89B1-7D7DC7A00F0B, 2021-01-31T03:58:16, true
9A38F234-2D0B-487D-89B1-7D7DC7A00F0B, 2021-01-31T03:59:25, true
9A38F234-2D0B-487D-89B1-7D7DC7A00F0B, 2021-01-31T04:00:35, true
9A38F234-2D0B-487D-89B1-7D7DC7A00F0B, 2021-01-31T04:01:46, true
9A38F234-2D0B-487D-89B1-7D7DC7A00F0B, 2021-01-31T04:02:52, true
9A38F234-2D0B-487D-89B1-7D7DC7A00F0B, 2021-01-31T04:03:56, true
9A38F234-2D0B-487D-89B1-7D7DC7A00F0B, 2021-01-31T04:04:56, true
9A38F234-2D0B-487D-89B1-7D7DC7A00F0B, 2021-01-31T04:05:59, true
9A38F234-2D0B-487D-89B1-7D7DC7A00F0B, 2021-01-31T04:06:59, true
9A38F234-2D0B-487D-89B1-7D7DC7A00F0B, 2021-01-31T04:08:04, true
9A38F234-2D0B-487D-89B1-7D7DC7A00F0B, 2021-01-31T04:09:09, true
9A38F234-2D0B-487D-89B1-7D7DC7A00F0B, 2021-01-31T04:10:14, true
9A38F234-2D0B-487D-89B1-7D7DC7A00F0B, 2021-01-31T04:11:20, true
9A38F234-2D0B-487D-89B1-7D7DC7A00F0B, 2021-01-31T04:12:21, true
9A38F234-2D0B-487D-89B1-7D7DC7A00F0B, 2021-01-31T04:13:22, true
9A38F234-2D0B-487D-89B1-7D7DC7A00F0B, 2021-01-31T04:14:24, true
9A38F234-2D0B-487D-89B1-7D7DC7A00F0B, 2021-01-31T04:15:28, true
9A38F234-2D0B-487D-89B1-7D7DC7A00F0B, 2021-01-31T04:16:32, true
9A38F234-2D0B-487D-89B1-7D7DC7A00F0B, 2021-01-31T04:17:40, true
9A38F234-2D0B-487D-89B1-7D7DC7A00F0B, 2021-01-31T04:18:47, true
9A38F234-2D0B-487D-89B1-7D7DC7A00F0B, 2021-01-31T04:19:54, true
9A38F234-2D0B-487D-89B1-7D7DC7A00F0B, 2021-01-31T04:20:57, true
9A38F234-2D0B-487D-89B1-7D7DC7A00F0B, 2021-01-31T04:22:02, true
9A38F234-2D0B-487D-89B1-7D7DC7A00F0B, 2021-01-31T04:23:12, true
9A38F234-2D0B-487D-89B1-7D7DC7A00F0B, 2021-01-31T04:24:17, true
9A38F234-2D0B-487D-89B1-7D7DC7A00F0B, 2021-01-31T04:25:27, true
9A38F234-2D0B-487D-89B1-7D7DC7A00F0B, 2021-01-31T04:26:32, true
9A38F234-2D0B-487D-89B1-7D7DC7A00F0B, 2021-01-31T04:27:37, true
9A38F234-2D0B-487D-89B1-7D7DC7A00F0B, 2021-01-31T04:28:45, true
9A38F234-2D0B-487D-89B1-7D7DC7A00F0B, 2021-01-31T04:29:52, true
9A38F234-2D0B-487D-89B1-7D7DC7A00F0B, 2021-01-31T04:30:56, true
9A38F234-2D0B-487D-89B1-7D7DC7A00F0B, 2021-01-31T04:32:05, true
9A38F234-2D0B-487D-89B1-7D7DC7A00F0B, 2021-01-31T04:33:08, true
9A38F234-2D0B-487D-89B1-7D7DC7A00F0B, 2021-01-31T04:34:13, true
9A38F234-2D0B-487D-89B1-7D7DC7A00F0B, 2021-01-31T04:35:16, true
9A38F234-2D0B-487D-89B1-7D7DC7A00F0B, 2021-01-31T04:36:22, true
9A38F234-2D0B-487D-89B1-7D7DC7A00F0B, 2021-01-31T04:37:26, true
9A38F234-2D0B-487D-89B1-7D7DC7A00F0B, 2021-01-31T04:38:36, true
9A38F234-2D0B-487D-89B1-7D7DC7A00F0B, 2021-01-31T04:39:41, true
9A38F234-2D0B-487D-89B1-7D7DC7A00F0B, 2021-01-31T04:40:54, true
9A38F234-2D0B-487D-89B1-7D7DC7A00F0B, 2021-01-31T04:42:03, true
9A38F234-2D0B-487D-89B1-7D7DC7A00F0B, 2021-01-31T04:43:07, true
9A38F234-2D0B-487D-89B1-7D7DC7A00F0B, 2021-01-31T04:44:13, true
9A38F234-2D0B-487D-89B1-7D7DC7A00F0B, 2021-01-31T04:45:17, true
9A38F234-2D0B-487D-89B1-7D7DC7A00F0B, 2021-01-31T04:46:25, true
9A38F234-2D0B-487D-89B1-7D7DC7A00F0B, 2021-01-31T04:47:27, true
9A38F234-2D0B-487D-89B1-7D7DC7A00F0B, 2021-01-31T04:48:38, true
9A38F234-2D0B-487D-89B1-7D7DC7A00F0B, 2021-01-31T04:49:41, true
9A38F234-2D0B-487D-89B1-7D7DC7A00F0B, 2021-01-31T04:50:48, true
9A38F234-2D0B-487D-89B1-7D7DC7A00F0B, 2021-01-31T04:51:50, true
9A38F234-2D0B-487D-89B1-7D7DC7A00F0B, 2021-01-31T04:53:03, true
9A38F234-2D0B-487D-89B1-7D7DC7A00F0B, 2021-01-31T04:54:09, true
9A38F234-2D0B-487D-89B1-7D7DC7A00F0B, 2021-01-31T04:55:13, true
9A38F234-2D0B-487D-89B1-7D7DC7A00F0B, 2021-01-31T04:56:17, true
9A38F234-2D0B-487D-89B1-7D7DC7A00F0B, 2021-01-31T04:57:28, true
9A38F234-2D0B-487D-89B1-7D7DC7A00F0B, 2021-01-31T04:58:31, true
9A38F234-2D0B-487D-89B1-7D7DC7A00F0B, 2021-01-31T04:59:43, true
9A38F234-2D0B-487D-89B1-7D7DC7A00F0B, 2021-01-31T05:00:48, true
9A38F234-2D0B-487D-89B1-7D7DC7A00F0B, 2021-01-31T05:01:52, true
9A38F234-2D0B-487D-89B1-7D7DC7A00F0B, 2021-01-31T05:02:57, true
9A38F234-2D0B-487D-89B1-7D7DC7A00F0B, 2021-01-31T05:03:57, true
9A38F234-2D0B-487D-89B1-7D7DC7A00F0B, 2021-01-31T05:05:02, true
9A38F234-2D0B-487D-89B1-7D7DC7A00F0B, 2021-01-31T05:06:08, true
9A38F234-2D0B-487D-89B1-7D7DC7A00F0B, 2021-01-31T05:07:10, true
9A38F234-2D0B-487D-89B1-7D7DC7A00F0B, 2021-01-31T05:08:16, true
9A38F234-2D0B-487D-89B1-7D7DC7A00F0B, 2021-01-31T05:09:20, true
9A38F234-2D0B-487D-89B1-7D7DC7A00F0B, 2021-01-31T05:10:26, true
9A38F234-2D0B-487D-89B1-7D7DC7A00F0B, 2021-01-31T05:11:30, true
9A38F234-2D0B-487D-89B1-7D7DC7A00F0B, 2021-01-31T05:12:36, true
9A38F234-2D0B-487D-89B1-7D7DC7A00F0B, 2021-01-31T05:13:45, true
9A38F234-2D0B-487D-89B1-7D7DC7A00F0B, 2021-01-31T05:14:50, true
9A38F234-2D0B-487D-89B1-7D7DC7A00F0B, 2021-01-31T05:15:56, true
9A38F234-2D0B-487D-89B1-7D7DC7A00F0B, 2021-01-31T05:16:58, true
9A38F234-2D0B-487D-89B1-7D7DC7A00F0B, 2021-01-31T05:18:05, true
9A38F234-2D0B-487D-89B1-7D7DC7A00F0B, 2021-01-31T05:19:09, true
9A38F234-2D0B-487D-89B1-7D7DC7A00F0B, 2021-01-31T05:20:14, true
9A38F234-2D0B-487D-89B1-7D7DC7A00F0B, 2021-01-31T05:21:19, true
9A38F234-2D0B-487D-89B1-7D7DC7A00F0B, 2021-01-31T05:22:25, true
9A38F234-2D0B-487D-89B1-7D7DC7A00F0B, 2021-01-31T05:23:34, true
9A38F234-2D0B-487D-89B1-7D7DC7A00F0B, 2021-01-31T05:24:39, true
9A38F234-2D0B-487D-89B1-7D7DC7A00F0B, 2021-01-31T05:25:46, true
9A38F234-2D0B-487D-89B1-7D7DC7A00F0B, 2021-01-31T05:26:52, true
9A38F234-2D0B-487D-89B1-7D7DC7A00F0B, 2021-01-31T05:27:58, true
9A38F234-2D0B-487D-89B1-7D7DC7A00F0B, 2021-01-31T05:29:09, true
9A38F234-2D0B-487D-89B1-7D7DC7A00F0B, 2021-01-31T05:30:13, true
9A38F234-2D0B-487D-89B1-7D7DC7A00F0B, 2021-01-31T05:31:13, true
9A38F234-2D0B-487D-89B1-7D7DC7A00F0B, 2021-01-31T05:32:17, true
9A38F234-2D0B-487D-89B1-7D7DC7A00F0B, 2021-01-31T05:33:27, true
9A38F234-2D0B-487D-89B1-7D7DC7A00F0B, 2021-01-31T05:34:32, true
9A38F234-2D0B-487D-89B1-7D7DC7A00F0B, 2021-01-31T05:35:37, true
9A38F234-2D0B-487D-89B1-7D7DC7A00F0B, 2021-01-31T05:36:40, true
9A38F234-2D0B-487D-89B1-7D7DC7A00F0B, 2021-01-31T05:37:45, true
9A38F234-2D0B-487D-89B1-7D7DC7A00F0B, 2021-01-31T05:38:48, true
9A38F234-2D0B-487D-89B1-7D7DC7A00F0B, 2021-01-31T05:39:52, true
9A38F234-2D0B-487D-89B1-7D7DC7A00F0B, 2021-01-31T05:40:58, true
9A38F234-2D0B-487D-89B1-7D7DC7A00F0B, 2021-01-31T05:42:04, true
9A38F234-2D0B-487D-89B1-7D7DC7A00F0B, 2021-01-31T05:43:08, true
9A38F234-2D0B-487D-89B1-7D7DC7A00F0B, 2021-01-31T05:44:12, true
9A38F234-2D0B-487D-89B1-7D7DC7A00F0B, 2021-01-31T05:45:16, true
9A38F234-2D0B-487D-89B1-7D7DC7A00F0B, 2021-01-31T05:46:22, true
9A38F234-2D0B-487D-89B1-7D7DC7A00F0B, 2021-01-31T05:47:27, true
9A38F234-2D0B-487D-89B1-7D7DC7A00F0B, 2021-01-31T05:48:31, true
9A38F234-2D0B-487D-89B1-7D7DC7A00F0B, 2021-01-31T05:49:39, true
9A38F234-2D0B-487D-89B1-7D7DC7A00F0B, 2021-01-31T05:50:50, true
9A38F234-2D0B-487D-89B1-7D7DC7A00F0B, 2021-01-31T05:52:01, true
9A38F234-2D0B-487D-89B1-7D7DC7A00F0B, 2021-01-31T05:53:05, true
9A38F234-2D0B-487D-89B1-7D7DC7A00F0B, 2021-01-31T05:54:09, true
9A38F234-2D0B-487D-89B1-7D7DC7A00F0B, 2021-01-31T05:55:24, true
9A38F234-2D0B-487D-89B1-7D7DC7A00F0B, 2021-01-31T05:56:26, true
9A38F234-2D0B-487D-89B1-7D7DC7A00F0B, 2021-01-31T05:57:32, true
9A38F234-2D0B-487D-89B1-7D7DC7A00F0B, 2021-01-31T05:58:35, true
9A38F234-2D0B-487D-89B1-7D7DC7A00F0B, 2021-01-31T05:59:40, true
9A38F234-2D0B-487D-89B1-7D7DC7A00F0B, 2021-01-31T06:00:46, true
9A38F234-2D0B-487D-89B1-7D7DC7A00F0B, 2021-01-31T06:01:51, true
9A38F234-2D0B-487D-89B1-7D7DC7A00F0B, 2021-01-31T06:02:55, true
9A38F234-2D0B-487D-89B1-7D7DC7A00F0B, 2021-01-31T06:03:58, true
9A38F234-2D0B-487D-89B1-7D7DC7A00F0B, 2021-01-31T06:05:04, true
9A38F234-2D0B-487D-89B1-7D7DC7A00F0B, 2021-01-31T06:06:08, true
9A38F234-2D0B-487D-89B1-7D7DC7A00F0B, 2021-01-31T06:07:13, true
9A38F234-2D0B-487D-89B1-7D7DC7A00F0B, 2021-01-31T06:08:19, true
9A38F234-2D0B-487D-89B1-7D7DC7A00F0B, 2021-01-31T06:09:19, true
9A38F234-2D0B-487D-89B1-7D7DC7A00F0B, 2021-01-31T06:10:23, true
9A38F234-2D0B-487D-89B1-7D7DC7A00F0B, 2021-01-31T06:11:30, true
9A38F234-2D0B-487D-89B1-7D7DC7A00F0B, 2021-01-31T06:12:36, true
9A38F234-2D0B-487D-89B1-7D7DC7A00F0B, 2021-01-31T06:13:40, true
9A38F234-2D0B-487D-89B1-7D7DC7A00F0B, 2021-01-31T06:14:45, true
9A38F234-2D0B-487D-89B1-7D7DC7A00F0B, 2021-01-31T06:15:50, true
9A38F234-2D0B-487D-89B1-7D7DC7A00F0B, 2021-01-31T06:16:57, true
9A38F234-2D0B-487D-89B1-7D7DC7A00F0B, 2021-01-31T06:18:01, true
9A38F234-2D0B-487D-89B1-7D7DC7A00F0B, 2021-01-31T06:19:05, true
9A38F234-2D0B-487D-89B1-7D7DC7A00F0B, 2021-01-31T06:20:10, true
9A38F234-2D0B-487D-89B1-7D7DC7A00F0B, 2021-01-31T06:21:22, true
9A38F234-2D0B-487D-89B1-7D7DC7A00F0B, 2021-01-31T06:22:26, true
9A38F234-2D0B-487D-89B1-7D7DC7A00F0B, 2021-01-31T06:23:30, true
9A38F234-2D0B-487D-89B1-7D7DC7A00F0B, 2021-01-31T06:24:39, true
9A38F234-2D0B-487D-89B1-7D7DC7A00F0B, 2021-01-31T06:25:45, true
9A38F234-2D0B-487D-89B1-7D7DC7A00F0B, 2021-01-31T06:26:50, true
9A38F234-2D0B-487D-89B1-7D7DC7A00F0B, 2021-01-31T06:27:55, true
9A38F234-2D0B-487D-89B1-7D7DC7A00F0B, 2021-01-31T06:29:05, true
9A38F234-2D0B-487D-89B1-7D7DC7A00F0B, 2021-01-31T06:30:07, true
9A38F234-2D0B-487D-89B1-7D7DC7A00F0B, 2021-01-31T06:31:16, true
9A38F234-2D0B-487D-89B1-7D7DC7A00F0B, 2021-01-31T06:32:16, true
9A38F234-2D0B-487D-89B1-7D7DC7A00F0B, 2021-01-31T06:33:17, true
9A38F234-2D0B-487D-89B1-7D7DC7A00F0B, 2021-01-31T06:34:21, true
9A38F234-2D0B-487D-89B1-7D7DC7A00F0B, 2021-01-31T06:35:26, true
9A38F234-2D0B-487D-89B1-7D7DC7A00F0B, 2021-01-31T06:36:37, true
9A38F234-2D0B-487D-89B1-7D7DC7A00F0B, 2021-01-31T06:37:42, true
9A38F234-2D0B-487D-89B1-7D7DC7A00F0B, 2021-01-31T06:38:48, true
9A38F234-2D0B-487D-89B1-7D7DC7A00F0B, 2021-01-31T06:39:58, true
9A38F234-2D0B-487D-89B1-7D7DC7A00F0B, 2021-01-31T06:41:02, true
9A38F234-2D0B-487D-89B1-7D7DC7A00F0B, 2021-01-31T06:42:05, true
9A38F234-2D0B-487D-89B1-7D7DC7A00F0B, 2021-01-31T06:43:08, true
9A38F234-2D0B-487D-89B1-7D7DC7A00F0B, 2021-01-31T06:44:16, true
9A38F234-2D0B-487D-89B1-7D7DC7A00F0B, 2021-01-31T06:45:22, true
9A38F234-2D0B-487D-89B1-7D7DC7A00F0B, 2021-01-31T06:46:26, true
9A38F234-2D0B-487D-89B1-7D7DC7A00F0B, 2021-01-31T06:47:33, true
9A38F234-2D0B-487D-89B1-7D7DC7A00F0B, 2021-01-31T06:48:37, true
9A38F234-2D0B-487D-89B1-7D7DC7A00F0B, 2021-01-31T06:49:52, true
9A38F234-2D0B-487D-89B1-7D7DC7A00F0B, 2021-01-31T06:50:57, true
9A38F234-2D0B-487D-89B1-7D7DC7A00F0B, 2021-01-31T06:52:04, true
9A38F234-2D0B-487D-89B1-7D7DC7A00F0B, 2021-01-31T06:53:20, true
9A38F234-2D0B-487D-89B1-7D7DC7A00F0B, 2021-01-31T06:54:30, true
9A38F234-2D0B-487D-89B1-7D7DC7A00F0B, 2021-01-31T06:55:40, true
9A38F234-2D0B-487D-89B1-7D7DC7A00F0B, 2021-01-31T06:56:46, true
9A38F234-2D0B-487D-89B1-7D7DC7A00F0B, 2021-01-31T06:57:49, true
9A38F234-2D0B-487D-89B1-7D7DC7A00F0B, 2021-01-31T06:58:53, true
9A38F234-2D0B-487D-89B1-7D7DC7A00F0B, 2021-01-31T07:00:03, true
9A38F234-2D0B-487D-89B1-7D7DC7A00F0B, 2021-01-31T07:01:08, true
9A38F234-2D0B-487D-89B1-7D7DC7A00F0B, 2021-01-31T07:02:13, true
9A38F234-2D0B-487D-89B1-7D7DC7A00F0B, 2021-01-31T07:03:19, true
9A38F234-2D0B-487D-89B1-7D7DC7A00F0B, 2021-01-31T07:04:23, true
9A38F234-2D0B-487D-89B1-7D7DC7A00F0B, 2021-01-31T07:05:33, true
9A38F234-2D0B-487D-89B1-7D7DC7A00F0B, 2021-01-31T07:06:37, true
9A38F234-2D0B-487D-89B1-7D7DC7A00F0B, 2021-01-31T07:07:38, true
9A38F234-2D0B-487D-89B1-7D7DC7A00F0B, 2021-01-31T07:08:42, true
9A38F234-2D0B-487D-89B1-7D7DC7A00F0B, 2021-01-31T07:09:47, true
9A38F234-2D0B-487D-89B1-7D7DC7A00F0B, 2021-01-31T07:10:51, true
9A38F234-2D0B-487D-89B1-7D7DC7A00F0B, 2021-01-31T07:12:01, true
9A38F234-2D0B-487D-89B1-7D7DC7A00F0B, 2021-01-31T07:13:10, true
9A38F234-2D0B-487D-89B1-7D7DC7A00F0B, 2021-01-31T07:14:13, true
9A38F234-2D0B-487D-89B1-7D7DC7A00F0B, 2021-01-31T07:15:17, true
9A38F234-2D0B-487D-89B1-7D7DC7A00F0B, 2021-01-31T07:16:24, true
9A38F234-2D0B-487D-89B1-7D7DC7A00F0B, 2021-01-31T07:17:28, true
9A38F234-2D0B-487D-89B1-7D7DC7A00F0B, 2021-01-31T07:18:32, true
9A38F234-2D0B-487D-89B1-7D7DC7A00F0B, 2021-01-31T07:19:36, true
9A38F234-2D0B-487D-89B1-7D7DC7A00F0B, 2021-01-31T07:20:39, true
9A38F234-2D0B-487D-89B1-7D7DC7A00F0B, 2021-01-31T07:21:43, true
9A38F234-2D0B-487D-89B1-7D7DC7A00F0B, 2021-01-31T07:22:48, true
9A38F234-2D0B-487D-89B1-7D7DC7A00F0B, 2021-01-31T07:23:53, true
9A38F234-2D0B-487D-89B1-7D7DC7A00F0B, 2021-01-31T07:24:58, true
9A38F234-2D0B-487D-89B1-7D7DC7A00F0B, 2021-01-31T07:26:04, true
9A38F234-2D0B-487D-89B1-7D7DC7A00F0B, 2021-01-31T07:27:14, true
9A38F234-2D0B-487D-89B1-7D7DC7A00F0B, 2021-01-31T07:28:26, true
9A38F234-2D0B-487D-89B1-7D7DC7A00F0B, 2021-01-31T07:29:35, true
9A38F234-2D0B-487D-89B1-7D7DC7A00F0B, 2021-01-31T07:30:39, true
9A38F234-2D0B-487D-89B1-7D7DC7A00F0B, 2021-01-31T07:31:45, true
9A38F234-2D0B-487D-89B1-7D7DC7A00F0B, 2021-01-31T07:32:52, true
9A38F234-2D0B-487D-89B1-7D7DC7A00F0B, 2021-01-31T07:33:57, true
9A38F234-2D0B-487D-89B1-7D7DC7A00F0B, 2021-01-31T07:35:01, true
9A38F234-2D0B-487D-89B1-7D7DC7A00F0B, 2021-01-31T07:36:03, true
9A38F234-2D0B-487D-89B1-7D7DC7A00F0B, 2021-01-31T07:37:06, true
9A38F234-2D0B-487D-89B1-7D7DC7A00F0B, 2021-01-31T07:38:11, true
9A38F234-2D0B-487D-89B1-7D7DC7A00F0B, 2021-01-31T07:39:16, true
9A38F234-2D0B-487D-89B1-7D7DC7A00F0B, 2021-01-31T07:40:18, true
9A38F234-2D0B-487D-89B1-7D7DC7A00F0B, 2021-01-31T07:41:21, true
9A38F234-2D0B-487D-89B1-7D7DC7A00F0B, 2021-01-31T07:42:23, true
9A38F234-2D0B-487D-89B1-7D7DC7A00F0B, 2021-01-31T07:43:27, true
9A38F234-2D0B-487D-89B1-7D7DC7A00F0B, 2021-01-31T07:44:31, true
9A38F234-2D0B-487D-89B1-7D7DC7A00F0B, 2021-01-31T07:45:32, true
9A38F234-2D0B-487D-89B1-7D7DC7A00F0B, 2021-01-31T07:46:37, true
9A38F234-2D0B-487D-89B1-7D7DC7A00F0B, 2021-01-31T07:47:47, true
9A38F234-2D0B-487D-89B1-7D7DC7A00F0B, 2021-01-31T07:48:50, true
9A38F234-2D0B-487D-89B1-7D7DC7A00F0B, 2021-01-31T07:49:59, true
9A38F234-2D0B-487D-89B1-7D7DC7A00F0B, 2021-01-31T07:51:08, true
9A38F234-2D0B-487D-89B1-7D7DC7A00F0B, 2021-01-31T07:52:19, true
9A38F234-2D0B-487D-89B1-7D7DC7A00F0B, 2021-01-31T07:53:21, true
9A38F234-2D0B-487D-89B1-7D7DC7A00F0B, 2021-01-31T07:54:25, true
9A38F234-2D0B-487D-89B1-7D7DC7A00F0B, 2021-01-31T07:55:30, true
9A38F234-2D0B-487D-89B1-7D7DC7A00F0B, 2021-01-31T07:56:35, true
9A38F234-2D0B-487D-89B1-7D7DC7A00F0B, 2021-01-31T07:57:40, true
9A38F234-2D0B-487D-89B1-7D7DC7A00F0B, 2021-01-31T07:58:50, true
9A38F234-2D0B-487D-89B1-7D7DC7A00F0B, 2021-01-31T07:59:55, true
9A38F234-2D0B-487D-89B1-7D7DC7A00F0B, 2021-01-31T08:01:08, true
9A38F234-2D0B-487D-89B1-7D7DC7A00F0B, 2021-01-31T08:02:10, true
9A38F234-2D0B-487D-89B1-7D7DC7A00F0B, 2021-01-31T08:03:15, true
9A38F234-2D0B-487D-89B1-7D7DC7A00F0B, 2021-01-31T08:04:19, true
9A38F234-2D0B-487D-89B1-7D7DC7A00F0B, 2021-01-31T08:05:24, true
9A38F234-2D0B-487D-89B1-7D7DC7A00F0B, 2021-01-31T08:06:35, true
9A38F234-2D0B-487D-89B1-7D7DC7A00F0B, 2021-01-31T08:07:45, true
9A38F234-2D0B-487D-89B1-7D7DC7A00F0B, 2021-01-31T08:08:50, true
9A38F234-2D0B-487D-89B1-7D7DC7A00F0B, 2021-01-31T08:09:51, true
9A38F234-2D0B-487D-89B1-7D7DC7A00F0B, 2021-01-31T08:10:56, true
9A38F234-2D0B-487D-89B1-7D7DC7A00F0B, 2021-01-31T08:12:06, true
9A38F234-2D0B-487D-89B1-7D7DC7A00F0B, 2021-01-31T08:13:11, true
9A38F234-2D0B-487D-89B1-7D7DC7A00F0B, 2021-01-31T08:14:15, true
9A38F234-2D0B-487D-89B1-7D7DC7A00F0B, 2021-01-31T08:15:23, true
9A38F234-2D0B-487D-89B1-7D7DC7A00F0B, 2021-01-31T08:16:24, true
9A38F234-2D0B-487D-89B1-7D7DC7A00F0B, 2021-01-31T08:17:34, true
9A38F234-2D0B-487D-89B1-7D7DC7A00F0B, 2021-01-31T08:18:42, true
9A38F234-2D0B-487D-89B1-7D7DC7A00F0B, 2021-01-31T08:19:54, true
9A38F234-2D0B-487D-89B1-7D7DC7A00F0B, 2021-01-31T08:21:08, true
9A38F234-2D0B-487D-89B1-7D7DC7A00F0B, 2021-01-31T08:22:13, true
9A38F234-2D0B-487D-89B1-7D7DC7A00F0B, 2021-01-31T08:23:17, true
9A38F234-2D0B-487D-89B1-7D7DC7A00F0B, 2021-01-31T08:24:21, true
9A38F234-2D0B-487D-89B1-7D7DC7A00F0B, 2021-01-31T08:25:33, true
9A38F234-2D0B-487D-89B1-7D7DC7A00F0B, 2021-01-31T08:26:42, true
9A38F234-2D0B-487D-89B1-7D7DC7A00F0B, 2021-01-31T08:27:44, true
9A38F234-2D0B-487D-89B1-7D7DC7A00F0B, 2021-01-31T08:28:49, true
9A38F234-2D0B-487D-89B1-7D7DC7A00F0B, 2021-01-31T08:29:58, true
9A38F234-2D0B-487D-89B1-7D7DC7A00F0B, 2021-01-31T08:31:03, true
9A38F234-2D0B-487D-89B1-7D7DC7A00F0B, 2021-01-31T08:32:14, true
9A38F234-2D0B-487D-89B1-7D7DC7A00F0B, 2021-01-31T08:33:24, true
9A38F234-2D0B-487D-89B1-7D7DC7A00F0B, 2021-01-31T08:34:26, true
9A38F234-2D0B-487D-89B1-7D7DC7A00F0B, 2021-01-31T08:35:35, true
9A38F234-2D0B-487D-89B1-7D7DC7A00F0B, 2021-01-31T08:36:51, true
9A38F234-2D0B-487D-89B1-7D7DC7A00F0B, 2021-01-31T08:37:52, true
9A38F234-2D0B-487D-89B1-7D7DC7A00F0B, 2021-01-31T08:39:02, true
9A38F234-2D0B-487D-89B1-7D7DC7A00F0B, 2021-01-31T08:40:13, true
9A38F234-2D0B-487D-89B1-7D7DC7A00F0B, 2021-01-31T08:41:19, true
9A38F234-2D0B-487D-89B1-7D7DC7A00F0B, 2021-01-31T08:42:23, true
9A38F234-2D0B-487D-89B1-7D7DC7A00F0B, 2021-01-31T08:43:29, true
9A38F234-2D0B-487D-89B1-7D7DC7A00F0B, 2021-01-31T08:44:35, true
9A38F234-2D0B-487D-89B1-7D7DC7A00F0B, 2021-01-31T08:45:52, true
9A38F234-2D0B-487D-89B1-7D7DC7A00F0B, 2021-01-31T08:46:55, true
9A38F234-2D0B-487D-89B1-7D7DC7A00F0B, 2021-01-31T08:47:58, true
9A38F234-2D0B-487D-89B1-7D7DC7A00F0B, 2021-01-31T08:49:06, true
9A38F234-2D0B-487D-89B1-7D7DC7A00F0B, 2021-01-31T08:50:07, true
9A38F234-2D0B-487D-89B1-7D7DC7A00F0B, 2021-01-31T08:51:09, true
9A38F234-2D0B-487D-89B1-7D7DC7A00F0B, 2021-01-31T08:52:13, true
9A38F234-2D0B-487D-89B1-7D7DC7A00F0B, 2021-01-31T08:53:21, true
9A38F234-2D0B-487D-89B1-7D7DC7A00F0B, 2021-01-31T08:54:24, true
9A38F234-2D0B-487D-89B1-7D7DC7A00F0B, 2021-01-31T08:55:24, false
9A38F234-2D0B-487D-89B1-7D7DC7A00F0B, 2021-01-31T08:56:18, true
9A38F234-2D0B-487D-89B1-7D7DC7A00F0B, 2021-01-31T08:57:25, true
9A38F234-2D0B-487D-89B1-7D7DC7A00F0B, 2021-01-31T08:58:42, true
9A38F234-2D0B-487D-89B1-7D7DC7A00F0B, 2021-01-31T08:59:48, true
9A38F234-2D0B-487D-89B1-7D7DC7A00F0B, 2021-01-31T09:00:48, true
9A38F234-2D0B-487D-89B1-7D7DC7A00F0B, 2021-01-31T09:02:01, true
9A38F234-2D0B-487D-89B1-7D7DC7A00F0B, 2021-01-31T09:03:08, true
9A38F234-2D0B-487D-89B1-7D7DC7A00F0B, 2021-01-31T09:04:08, true
9A38F234-2D0B-487D-89B1-7D7DC7A00F0B, 2021-01-31T09:05:20, true
9A38F234-2D0B-487D-89B1-7D7DC7A00F0B, 2021-01-31T09:06:25, true
9A38F234-2D0B-487D-89B1-7D7DC7A00F0B, 2021-01-31T09:07:28, true
9A38F234-2D0B-487D-89B1-7D7DC7A00F0B, 2021-01-31T09:08:36, true
9A38F234-2D0B-487D-89B1-7D7DC7A00F0B, 2021-01-31T09:09:43, true
9A38F234-2D0B-487D-89B1-7D7DC7A00F0B, 2021-01-31T09:10:51, true
9A38F234-2D0B-487D-89B1-7D7DC7A00F0B, 2021-01-31T09:11:59, true
9A38F234-2D0B-487D-89B1-7D7DC7A00F0B, 2021-01-31T09:13:08, true
9A38F234-2D0B-487D-89B1-7D7DC7A00F0B, 2021-01-31T09:14:17, true
9A38F234-2D0B-487D-89B1-7D7DC7A00F0B, 2021-01-31T09:15:22, true
9A38F234-2D0B-487D-89B1-7D7DC7A00F0B, 2021-01-31T09:16:32, true
9A38F234-2D0B-487D-89B1-7D7DC7A00F0B, 2021-01-31T09:17:42, true
9A38F234-2D0B-487D-89B1-7D7DC7A00F0B, 2021-01-31T09:18:48, true
9A38F234-2D0B-487D-89B1-7D7DC7A00F0B, 2021-01-31T09:19:50, true
9A38F234-2D0B-487D-89B1-7D7DC7A00F0B, 2021-01-31T09:20:51, true
9A38F234-2D0B-487D-89B1-7D7DC7A00F0B, 2021-01-31T09:21:56, true
9A38F234-2D0B-487D-89B1-7D7DC7A00F0B, 2021-01-31T09:22:57, true
9A38F234-2D0B-487D-89B1-7D7DC7A00F0B, 2021-01-31T09:24:03, true
9A38F234-2D0B-487D-89B1-7D7DC7A00F0B, 2021-01-31T09:25:07, true
9A38F234-2D0B-487D-89B1-7D7DC7A00F0B, 2021-01-31T09:26:16, true
9A38F234-2D0B-487D-89B1-7D7DC7A00F0B, 2021-01-31T09:27:30, true
9A38F234-2D0B-487D-89B1-7D7DC7A00F0B, 2021-01-31T09:28:35, true
9A38F234-2D0B-487D-89B1-7D7DC7A00F0B, 2021-01-31T09:29:35, false
9A38F234-2D0B-487D-89B1-7D7DC7A00F0B, 2021-01-31T09:30:35, false
9A38F234-2D0B-487D-89B1-7D7DC7A00F0B, 2021-01-31T09:31:35, false
9A38F234-2D0B-487D-89B1-7D7DC7A00F0B, 2021-01-31T09:32:28, true
9A38F234-2D0B-487D-89B1-7D7DC7A00F0B, 2021-01-31T09:33:52, true
9A38F234-2D0B-487D-89B1-7D7DC7A00F0B, 2021-01-31T09:34:56, true
9A38F234-2D0B-487D-89B1-7D7DC7A00F0B, 2021-01-31T09:36:14, true
9A38F234-2D0B-487D-89B1-7D7DC7A00F0B, 2021-01-31T09:37:16, true
9A38F234-2D0B-487D-89B1-7D7DC7A00F0B, 2021-01-31T09:38:29, true
9A38F234-2D0B-487D-89B1-7D7DC7A00F0B, 2021-01-31T09:39:38, true
9A38F234-2D0B-487D-89B1-7D7DC7A00F0B, 2021-01-31T09:40:41, true
9A38F234-2D0B-487D-89B1-7D7DC7A00F0B, 2021-01-31T09:41:45, true
9A38F234-2D0B-487D-89B1-7D7DC7A00F0B, 2021-01-31T09:42:50, true
9A38F234-2D0B-487D-89B1-7D7DC7A00F0B, 2021-01-31T09:44:01, true
9A38F234-2D0B-487D-89B1-7D7DC7A00F0B, 2021-01-31T09:45:09, true
9A38F234-2D0B-487D-89B1-7D7DC7A00F0B, 2021-01-31T09:46:19, true
9A38F234-2D0B-487D-89B1-7D7DC7A00F0B, 2021-01-31T09:47:23, true
9A38F234-2D0B-487D-89B1-7D7DC7A00F0B, 2021-01-31T09:48:29, true
9A38F234-2D0B-487D-89B1-7D7DC7A00F0B, 2021-01-31T09:49:42, true
9A38F234-2D0B-487D-89B1-7D7DC7A00F0B, 2021-01-31T09:50:52, true
9A38F234-2D0B-487D-89B1-7D7DC7A00F0B, 2021-01-31T09:51:53, true
9A38F234-2D0B-487D-89B1-7D7DC7A00F0B, 2021-01-31T09:53:04, true
9A38F234-2D0B-487D-89B1-7D7DC7A00F0B, 2021-01-31T09:54:10, true
9A38F234-2D0B-487D-89B1-7D7DC7A00F0B, 2021-01-31T09:55:12, true
9A38F234-2D0B-487D-89B1-7D7DC7A00F0B, 2021-01-31T09:56:14, true
9A38F234-2D0B-487D-89B1-7D7DC7A00F0B, 2021-01-31T09:57:27, true
9A38F234-2D0B-487D-89B1-7D7DC7A00F0B, 2021-01-31T09:58:28, true
9A38F234-2D0B-487D-89B1-7D7DC7A00F0B, 2021-01-31T09:59:36, true
9A38F234-2D0B-487D-89B1-7D7DC7A00F0B, 2021-01-31T10:00:46, true
9A38F234-2D0B-487D-89B1-7D7DC7A00F0B, 2021-01-31T10:01:54, true
9A38F234-2D0B-487D-89B1-7D7DC7A00F0B, 2021-01-31T10:02:58, true
9A38F234-2D0B-487D-89B1-7D7DC7A00F0B, 2021-01-31T10:04:07, true
9A38F234-2D0B-487D-89B1-7D7DC7A00F0B, 2021-01-31T10:05:23, true
9A38F234-2D0B-487D-89B1-7D7DC7A00F0B, 2021-01-31T10:06:40, true
9A38F234-2D0B-487D-89B1-7D7DC7A00F0B, 2021-01-31T10:07:58, true
9A38F234-2D0B-487D-89B1-7D7DC7A00F0B, 2021-01-31T10:09:06, true
9A38F234-2D0B-487D-89B1-7D7DC7A00F0B, 2021-01-31T10:10:14, true
9A38F234-2D0B-487D-89B1-7D7DC7A00F0B, 2021-01-31T10:11:17, true
9A38F234-2D0B-487D-89B1-7D7DC7A00F0B, 2021-01-31T10:12:44, true
9A38F234-2D0B-487D-89B1-7D7DC7A00F0B, 2021-01-31T10:14:13, true
9A38F234-2D0B-487D-89B1-7D7DC7A00F0B, 2021-01-31T10:15:13, false
9A38F234-2D0B-487D-89B1-7D7DC7A00F0B, 2021-01-31T10:16:17, true
9A38F234-2D0B-487D-89B1-7D7DC7A00F0B, 2021-01-31T10:17:22, true
9A38F234-2D0B-487D-89B1-7D7DC7A00F0B, 2021-01-31T10:18:26, true
9A38F234-2D0B-487D-89B1-7D7DC7A00F0B, 2021-01-31T10:19:30, true
9A38F234-2D0B-487D-89B1-7D7DC7A00F0B, 2021-01-31T10:20:35, true
9A38F234-2D0B-487D-89B1-7D7DC7A00F0B, 2021-01-31T10:21:40, true
9A38F234-2D0B-487D-89B1-7D7DC7A00F0B, 2021-01-31T10:22:56, true
9A38F234-2D0B-487D-89B1-7D7DC7A00F0B, 2021-01-31T10:23:59, true
9A38F234-2D0B-487D-89B1-7D7DC7A00F0B, 2021-01-31T10:25:06, true
9A38F234-2D0B-487D-89B1-7D7DC7A00F0B, 2021-01-31T10:26:09, true
9A38F234-2D0B-487D-89B1-7D7DC7A00F0B, 2021-01-31T10:27:14, true
9A38F234-2D0B-487D-89B1-7D7DC7A00F0B, 2021-01-31T10:28:19, true
9A38F234-2D0B-487D-89B1-7D7DC7A00F0B, 2021-01-31T10:29:24, true
9A38F234-2D0B-487D-89B1-7D7DC7A00F0B, 2021-01-31T10:30:25, true
9A38F234-2D0B-487D-89B1-7D7DC7A00F0B, 2021-01-31T10:31:28, true
9A38F234-2D0B-487D-89B1-7D7DC7A00F0B, 2021-01-31T10:32:41, true
9A38F234-2D0B-487D-89B1-7D7DC7A00F0B, 2021-01-31T10:33:48, true
9A38F234-2D0B-487D-89B1-7D7DC7A00F0B, 2021-01-31T10:34:51, true
9A38F234-2D0B-487D-89B1-7D7DC7A00F0B, 2021-01-31T10:35:53, true
9A38F234-2D0B-487D-89B1-7D7DC7A00F0B, 2021-01-31T10:37:16, true
9A38F234-2D0B-487D-89B1-7D7DC7A00F0B, 2021-01-31T10:38:27, true
9A38F234-2D0B-487D-89B1-7D7DC7A00F0B, 2021-01-31T10:39:27, false
9A38F234-2D0B-487D-89B1-7D7DC7A00F0B, 2021-01-31T10:40:27, false
9A38F234-2D0B-487D-89B1-7D7DC7A00F0B, 2021-01-31T10:41:11, true
9A38F234-2D0B-487D-89B1-7D7DC7A00F0B, 2021-01-31T10:42:11, false
9A38F234-2D0B-487D-89B1-7D7DC7A00F0B, 2021-01-31T10:43:11, false
9A38F234-2D0B-487D-89B1-7D7DC7A00F0B, 2021-01-31T10:44:11, false
9A38F234-2D0B-487D-89B1-7D7DC7A00F0B, 2021-01-31T10:45:11, false
9A38F234-2D0B-487D-89B1-7D7DC7A00F0B, 2021-01-31T10:46:39, true
9A38F234-2D0B-487D-89B1-7D7DC7A00F0B, 2021-01-31T10:47:39, false
9A38F234-2D0B-487D-89B1-7D7DC7A00F0B, 2021-01-31T10:48:52, true
9A38F234-2D0B-487D-89B1-7D7DC7A00F0B, 2021-01-31T10:50:01, true
9A38F234-2D0B-487D-89B1-7D7DC7A00F0B, 2021-01-31T10:51:11, true
9A38F234-2D0B-487D-89B1-7D7DC7A00F0B, 2021-01-31T10:52:21, true
9A38F234-2D0B-487D-89B1-7D7DC7A00F0B, 2021-01-31T10:53:21, false
9A38F234-2D0B-487D-89B1-7D7DC7A00F0B, 2021-01-31T10:54:21, false
9A38F234-2D0B-487D-89B1-7D7DC7A00F0B, 2021-01-31T10:55:18, true
9A38F234-2D0B-487D-89B1-7D7DC7A00F0B, 2021-01-31T10:56:22, true
9A38F234-2D0B-487D-89B1-7D7DC7A00F0B, 2021-01-31T10:57:22, false
9A38F234-2D0B-487D-89B1-7D7DC7A00F0B, 2021-01-31T10:58:22, false
9A38F234-2D0B-487D-89B1-7D7DC7A00F0B, 2021-01-31T10:59:11, true
9A38F234-2D0B-487D-89B1-7D7DC7A00F0B, 2021-01-31T11:00:31, true
9A38F234-2D0B-487D-89B1-7D7DC7A00F0B, 2021-01-31T11:01:49, true
9A38F234-2D0B-487D-89B1-7D7DC7A00F0B, 2021-01-31T11:03:04, true
9A38F234-2D0B-487D-89B1-7D7DC7A00F0B, 2021-01-31T11:04:14, true
9A38F234-2D0B-487D-89B1-7D7DC7A00F0B, 2021-01-31T11:05:21, true
9A38F234-2D0B-487D-89B1-7D7DC7A00F0B, 2021-01-31T11:06:29, true
9A38F234-2D0B-487D-89B1-7D7DC7A00F0B, 2021-01-31T11:07:39, true
9A38F234-2D0B-487D-89B1-7D7DC7A00F0B, 2021-01-31T11:08:46, true
9A38F234-2D0B-487D-89B1-7D7DC7A00F0B, 2021-01-31T11:09:51, true
9A38F234-2D0B-487D-89B1-7D7DC7A00F0B, 2021-01-31T11:10:55, true
9A38F234-2D0B-487D-89B1-7D7DC7A00F0B, 2021-01-31T11:11:59, true
9A38F234-2D0B-487D-89B1-7D7DC7A00F0B, 2021-01-31T11:13:09, true
9A38F234-2D0B-487D-89B1-7D7DC7A00F0B, 2021-01-31T11:14:14, true
9A38F234-2D0B-487D-89B1-7D7DC7A00F0B, 2021-01-31T11:15:18, true
9A38F234-2D0B-487D-89B1-7D7DC7A00F0B, 2021-01-31T11:16:30, true
9A38F234-2D0B-487D-89B1-7D7DC7A00F0B, 2021-01-31T11:17:39, true
9A38F234-2D0B-487D-89B1-7D7DC7A00F0B, 2021-01-31T11:18:54, true
9A38F234-2D0B-487D-89B1-7D7DC7A00F0B, 2021-01-31T11:20:14, true
9A38F234-2D0B-487D-89B1-7D7DC7A00F0B, 2021-01-31T11:21:18, true
9A38F234-2D0B-487D-89B1-7D7DC7A00F0B, 2021-01-31T11:22:25, true
9A38F234-2D0B-487D-89B1-7D7DC7A00F0B, 2021-01-31T11:23:32, true
9A38F234-2D0B-487D-89B1-7D7DC7A00F0B, 2021-01-31T11:24:38, true
9A38F234-2D0B-487D-89B1-7D7DC7A00F0B, 2021-01-31T11:25:44, true
9A38F234-2D0B-487D-89B1-7D7DC7A00F0B, 2021-01-31T11:26:44, false
9A38F234-2D0B-487D-89B1-7D7DC7A00F0B, 2021-01-31T11:27:31, true
9A38F234-2D0B-487D-89B1-7D7DC7A00F0B, 2021-01-31T11:28:31, false
9A38F234-2D0B-487D-89B1-7D7DC7A00F0B, 2021-01-31T11:29:31, false
9A38F234-2D0B-487D-89B1-7D7DC7A00F0B, 2021-01-31T11:30:31, false
9A38F234-2D0B-487D-89B1-7D7DC7A00F0B, 2021-01-31T11:31:31, false
9A38F234-2D0B-487D-89B1-7D7DC7A00F0B, 2021-01-31T11:32:19, true
9A38F234-2D0B-487D-89B1-7D7DC7A00F0B, 2021-01-31T11:33:22, true
9A38F234-2D0B-487D-89B1-7D7DC7A00F0B, 2021-01-31T11:34:26, true
9A38F234-2D0B-487D-89B1-7D7DC7A00F0B, 2021-01-31T11:35:28, true
9A38F234-2D0B-487D-89B1-7D7DC7A00F0B, 2021-01-31T11:36:33, true
9A38F234-2D0B-487D-89B1-7D7DC7A00F0B, 2021-01-31T11:37:33, false
9A38F234-2D0B-487D-89B1-7D7DC7A00F0B, 2021-01-31T11:38:31, true
9A38F234-2D0B-487D-89B1-7D7DC7A00F0B, 2021-01-31T11:39:47, true
9A38F234-2D0B-487D-89B1-7D7DC7A00F0B, 2021-01-31T11:40:49, true
9A38F234-2D0B-487D-89B1-7D7DC7A00F0B, 2021-01-31T11:41:51, true
9A38F234-2D0B-487D-89B1-7D7DC7A00F0B, 2021-01-31T11:42:53, true
9A38F234-2D0B-487D-89B1-7D7DC7A00F0B, 2021-01-31T11:43:59, true
9A38F234-2D0B-487D-89B1-7D7DC7A00F0B, 2021-01-31T11:45:05, true
9A38F234-2D0B-487D-89B1-7D7DC7A00F0B, 2021-01-31T11:46:16, true
9A38F234-2D0B-487D-89B1-7D7DC7A00F0B, 2021-01-31T11:47:16, true
9A38F234-2D0B-487D-89B1-7D7DC7A00F0B, 2021-01-31T11:48:16, false
9A38F234-2D0B-487D-89B1-7D7DC7A00F0B, 2021-01-31T11:49:09, true
9A38F234-2D0B-487D-89B1-7D7DC7A00F0B, 2021-01-31T11:50:18, true
9A38F234-2D0B-487D-89B1-7D7DC7A00F0B, 2021-01-31T11:51:26, true
9A38F234-2D0B-487D-89B1-7D7DC7A00F0B, 2021-01-31T11:52:36, true
9A38F234-2D0B-487D-89B1-7D7DC7A00F0B, 2021-01-31T11:53:44, true
9A38F234-2D0B-487D-89B1-7D7DC7A00F0B, 2021-01-31T11:54:44, true
9A38F234-2D0B-487D-89B1-7D7DC7A00F0B, 2021-01-31T11:55:49, true
9A38F234-2D0B-487D-89B1-7D7DC7A00F0B, 2021-01-31T11:56:59, true
9A38F234-2D0B-487D-89B1-7D7DC7A00F0B, 2021-01-31T11:58:04, true
9A38F234-2D0B-487D-89B1-7D7DC7A00F0B, 2021-01-31T11:59:14, true
9A38F234-2D0B-487D-89B1-7D7DC7A00F0B, 2021-01-31T12:00:36, true
9A38F234-2D0B-487D-89B1-7D7DC7A00F0B, 2021-01-31T12:01:36, false
9A38F234-2D0B-487D-89B1-7D7DC7A00F0B, 2021-01-31T12:02:36, false
9A38F234-2D0B-487D-89B1-7D7DC7A00F0B, 2021-01-31T12:03:36, false
9A38F234-2D0B-487D-89B1-7D7DC7A00F0B, 2021-01-31T12:04:59, true
9A38F234-2D0B-487D-89B1-7D7DC7A00F0B, 2021-01-31T12:06:20, true
9A38F234-2D0B-487D-89B1-7D7DC7A00F0B, 2021-01-31T12:07:22, true
9A38F234-2D0B-487D-89B1-7D7DC7A00F0B, 2021-01-31T12:08:26, true
9A38F234-2D0B-487D-89B1-7D7DC7A00F0B, 2021-01-31T12:09:26, false
9A38F234-2D0B-487D-89B1-7D7DC7A00F0B, 2021-01-31T12:09:59, true
9A38F234-2D0B-487D-89B1-7D7DC7A00F0B, 2021-01-31T12:10:59, false
9A38F234-2D0B-487D-89B1-7D7DC7A00F0B, 2021-01-31T12:11:59, false
9A38F234-2D0B-487D-89B1-7D7DC7A00F0B, 2021-01-31T12:12:59, false
9A38F234-2D0B-487D-89B1-7D7DC7A00F0B, 2021-01-31T12:14:20, true
9A38F234-2D0B-487D-89B1-7D7DC7A00F0B, 2021-01-31T12:15:23, true
9A38F234-2D0B-487D-89B1-7D7DC7A00F0B, 2021-01-31T12:16:25, true
9A38F234-2D0B-487D-89B1-7D7DC7A00F0B, 2021-01-31T12:17:37, true
9A38F234-2D0B-487D-89B1-7D7DC7A00F0B, 2021-01-31T12:18:37, false
9A38F234-2D0B-487D-89B1-7D7DC7A00F0B, 2021-01-31T12:19:07, true
9A38F234-2D0B-487D-89B1-7D7DC7A00F0B, 2021-01-31T12:20:28, true
9A38F234-2D0B-487D-89B1-7D7DC7A00F0B, 2021-01-31T12:21:37, true
9A38F234-2D0B-487D-89B1-7D7DC7A00F0B, 2021-01-31T12:22:42, true
9A38F234-2D0B-487D-89B1-7D7DC7A00F0B, 2021-01-31T12:23:43, true
9A38F234-2D0B-487D-89B1-7D7DC7A00F0B, 2021-01-31T12:24:53, true
9A38F234-2D0B-487D-89B1-7D7DC7A00F0B, 2021-01-31T12:26:02, true
9A38F234-2D0B-487D-89B1-7D7DC7A00F0B, 2021-01-31T12:27:03, true
9A38F234-2D0B-487D-89B1-7D7DC7A00F0B, 2021-01-31T12:28:08, true
9A38F234-2D0B-487D-89B1-7D7DC7A00F0B, 2021-01-31T12:29:09, true
9A38F234-2D0B-487D-89B1-7D7DC7A00F0B, 2021-01-31T12:30:24, true
9A38F234-2D0B-487D-89B1-7D7DC7A00F0B, 2021-01-31T12:31:44, true
9A38F234-2D0B-487D-89B1-7D7DC7A00F0B, 2021-01-31T12:32:46, true
9A38F234-2D0B-487D-89B1-7D7DC7A00F0B, 2021-01-31T12:33:49, true
9A38F234-2D0B-487D-89B1-7D7DC7A00F0B, 2021-01-31T12:34:54, true
9A38F234-2D0B-487D-89B1-7D7DC7A00F0B, 2021-01-31T12:35:55, true
9A38F234-2D0B-487D-89B1-7D7DC7A00F0B, 2021-01-31T12:37:09, true
9A38F234-2D0B-487D-89B1-7D7DC7A00F0B, 2021-01-31T12:38:11, true
9A38F234-2D0B-487D-89B1-7D7DC7A00F0B, 2021-01-31T12:39:13, true
9A38F234-2D0B-487D-89B1-7D7DC7A00F0B, 2021-01-31T12:40:15, true
9A38F234-2D0B-487D-89B1-7D7DC7A00F0B, 2021-01-31T12:41:25, true
9A38F234-2D0B-487D-89B1-7D7DC7A00F0B, 2021-01-31T12:42:28, true
9A38F234-2D0B-487D-89B1-7D7DC7A00F0B, 2021-01-31T12:43:31, true
9A38F234-2D0B-487D-89B1-7D7DC7A00F0B, 2021-01-31T12:44:34, true
9A38F234-2D0B-487D-89B1-7D7DC7A00F0B, 2021-01-31T12:45:40, true
9A38F234-2D0B-487D-89B1-7D7DC7A00F0B, 2021-01-31T12:46:47, true
9A38F234-2D0B-487D-89B1-7D7DC7A00F0B, 2021-01-31T12:47:53, true
9A38F234-2D0B-487D-89B1-7D7DC7A00F0B, 2021-01-31T12:48:54, true
9A38F234-2D0B-487D-89B1-7D7DC7A00F0B, 2021-01-31T12:49:59, true
9A38F234-2D0B-487D-89B1-7D7DC7A00F0B, 2021-01-31T12:51:03, true
9A38F234-2D0B-487D-89B1-7D7DC7A00F0B, 2021-01-31T12:52:18, true
9A38F234-2D0B-487D-89B1-7D7DC7A00F0B, 2021-01-31T12:53:27, true
9A38F234-2D0B-487D-89B1-7D7DC7A00F0B, 2021-01-31T12:54:32, true
9A38F234-2D0B-487D-89B1-7D7DC7A00F0B, 2021-01-31T12:55:33, true
9A38F234-2D0B-487D-89B1-7D7DC7A00F0B, 2021-01-31T12:56:38, true
9A38F234-2D0B-487D-89B1-7D7DC7A00F0B, 2021-01-31T12:57:44, true
9A38F234-2D0B-487D-89B1-7D7DC7A00F0B, 2021-01-31T12:58:48, true
9A38F234-2D0B-487D-89B1-7D7DC7A00F0B, 2021-01-31T12:59:52, true
9A38F234-2D0B-487D-89B1-7D7DC7A00F0B, 2021-01-31T13:01:01, true
9A38F234-2D0B-487D-89B1-7D7DC7A00F0B, 2021-01-31T13:02:07, true
9A38F234-2D0B-487D-89B1-7D7DC7A00F0B, 2021-01-31T13:03:12, true
9A38F234-2D0B-487D-89B1-7D7DC7A00F0B, 2021-01-31T13:04:36, true
9A38F234-2D0B-487D-89B1-7D7DC7A00F0B, 2021-01-31T13:05:42, true
9A38F234-2D0B-487D-89B1-7D7DC7A00F0B, 2021-01-31T13:06:48, true
9A38F234-2D0B-487D-89B1-7D7DC7A00F0B, 2021-01-31T13:07:54, true
9A38F234-2D0B-487D-89B1-7D7DC7A00F0B, 2021-01-31T13:09:11, true
9A38F234-2D0B-487D-89B1-7D7DC7A00F0B, 2021-01-31T13:10:19, true
9A38F234-2D0B-487D-89B1-7D7DC7A00F0B, 2021-01-31T13:11:19, false
9A38F234-2D0B-487D-89B1-7D7DC7A00F0B, 2021-01-31T13:12:06, true
9A38F234-2D0B-487D-89B1-7D7DC7A00F0B, 2021-01-31T13:13:15, true
9A38F234-2D0B-487D-89B1-7D7DC7A00F0B, 2021-01-31T13:14:20, true
9A38F234-2D0B-487D-89B1-7D7DC7A00F0B, 2021-01-31T13:15:25, true
9A38F234-2D0B-487D-89B1-7D7DC7A00F0B, 2021-01-31T13:16:32, true
9A38F234-2D0B-487D-89B1-7D7DC7A00F0B, 2021-01-31T13:17:47, true
9A38F234-2D0B-487D-89B1-7D7DC7A00F0B, 2021-01-31T13:18:51, true
9A38F234-2D0B-487D-89B1-7D7DC7A00F0B, 2021-01-31T13:20:18, true
9A38F234-2D0B-487D-89B1-7D7DC7A00F0B, 2021-01-31T13:21:23, true
9A38F234-2D0B-487D-89B1-7D7DC7A00F0B, 2021-01-31T13:22:35, true
9A38F234-2D0B-487D-89B1-7D7DC7A00F0B, 2021-01-31T13:23:35, false
9A38F234-2D0B-487D-89B1-7D7DC7A00F0B, 2021-01-31T13:24:53, true
9A38F234-2D0B-487D-89B1-7D7DC7A00F0B, 2021-01-31T13:25:53, false
9A38F234-2D0B-487D-89B1-7D7DC7A00F0B, 2021-01-31T13:26:35, true
9A38F234-2D0B-487D-89B1-7D7DC7A00F0B, 2021-01-31T13:27:37, true
9A38F234-2D0B-487D-89B1-7D7DC7A00F0B, 2021-01-31T13:28:46, true
9A38F234-2D0B-487D-89B1-7D7DC7A00F0B, 2021-01-31T13:29:56, true
9A38F234-2D0B-487D-89B1-7D7DC7A00F0B, 2021-01-31T13:31:11, true
9A38F234-2D0B-487D-89B1-7D7DC7A00F0B, 2021-01-31T13:32:11, false
9A38F234-2D0B-487D-89B1-7D7DC7A00F0B, 2021-01-31T13:33:04, true
9A38F234-2D0B-487D-89B1-7D7DC7A00F0B, 2021-01-31T13:34:19, true
9A38F234-2D0B-487D-89B1-7D7DC7A00F0B, 2021-01-31T13:35:22, true
9A38F234-2D0B-487D-89B1-7D7DC7A00F0B, 2021-01-31T13:36:33, true
9A38F234-2D0B-487D-89B1-7D7DC7A00F0B, 2021-01-31T13:37:38, true
9A38F234-2D0B-487D-89B1-7D7DC7A00F0B, 2021-01-31T13:38:41, true
9A38F234-2D0B-487D-89B1-7D7DC7A00F0B, 2021-01-31T13:39:52, true
9A38F234-2D0B-487D-89B1-7D7DC7A00F0B, 2021-01-31T13:40:57, true
9A38F234-2D0B-487D-89B1-7D7DC7A00F0B, 2021-01-31T13:42:04, true
9A38F234-2D0B-487D-89B1-7D7DC7A00F0B, 2021-01-31T13:43:13, true
9A38F234-2D0B-487D-89B1-7D7DC7A00F0B, 2021-01-31T13:44:17, true
9A38F234-2D0B-487D-89B1-7D7DC7A00F0B, 2021-01-31T13:45:22, true
9A38F234-2D0B-487D-89B1-7D7DC7A00F0B, 2021-01-31T13:46:27, true
9A38F234-2D0B-487D-89B1-7D7DC7A00F0B, 2021-01-31T13:47:28, true
9A38F234-2D0B-487D-89B1-7D7DC7A00F0B, 2021-01-31T13:48:33, true
9A38F234-2D0B-487D-89B1-7D7DC7A00F0B, 2021-01-31T13:49:33, false
9A38F234-2D0B-487D-89B1-7D7DC7A00F0B, 2021-01-31T13:50:12, true
9A38F234-2D0B-487D-89B1-7D7DC7A00F0B, 2021-01-31T13:51:23, true
9A38F234-2D0B-487D-89B1-7D7DC7A00F0B, 2021-01-31T13:52:37, true
9A38F234-2D0B-487D-89B1-7D7DC7A00F0B, 2021-01-31T13:53:37, false
9A38F234-2D0B-487D-89B1-7D7DC7A00F0B, 2021-01-31T13:54:37, false
9A38F234-2D0B-487D-89B1-7D7DC7A00F0B, 2021-01-31T13:55:37, false
9A38F234-2D0B-487D-89B1-7D7DC7A00F0B, 2021-01-31T13:56:37, false
9A38F234-2D0B-487D-89B1-7D7DC7A00F0B, 2021-01-31T13:57:37, false
9A38F234-2D0B-487D-89B1-7D7DC7A00F0B, 2021-01-31T13:58:37, false
9A38F234-2D0B-487D-89B1-7D7DC7A00F0B, 2021-01-31T13:59:37, false
9A38F234-2D0B-487D-89B1-7D7DC7A00F0B, 2021-01-31T14:00:37, false
9A38F234-2D0B-487D-89B1-7D7DC7A00F0B, 2021-01-31T14:01:37, false
9A38F234-2D0B-487D-89B1-7D7DC7A00F0B, 2021-01-31T14:02:37, false
9A38F234-2D0B-487D-89B1-7D7DC7A00F0B, 2021-01-31T14:03:37, false
9A38F234-2D0B-487D-89B1-7D7DC7A00F0B, 2021-01-31T14:04:37, false
9A38F234-2D0B-487D-89B1-7D7DC7A00F0B, 2021-01-31T14:05:37, false
9A38F234-2D0B-487D-89B1-7D7DC7A00F0B, 2021-01-31T14:06:37, false
9A38F234-2D0B-487D-89B1-7D7DC7A00F0B, 2021-01-31T14:07:37, false
9A38F234-2D0B-487D-89B1-7D7DC7A00F0B, 2021-01-31T14:08:37, false
9A38F234-2D0B-487D-89B1-7D7DC7A00F0B, 2021-01-31T14:09:37, false
9A38F234-2D0B-487D-89B1-7D7DC7A00F0B, 2021-01-31T14:10:37, false
9A38F234-2D0B-487D-89B1-7D7DC7A00F0B, 2021-01-31T14:11:37, false
9A38F234-2D0B-487D-89B1-7D7DC7A00F0B, 2021-01-31T14:12:37, false
9A38F234-2D0B-487D-89B1-7D7DC7A00F0B, 2021-01-31T14:13:37, false
9A38F234-2D0B-487D-89B1-7D7DC7A00F0B, 2021-01-31T14:14:37, false
9A38F234-2D0B-487D-89B1-7D7DC7A00F0B, 2021-01-31T14:15:37, false
9A38F234-2D0B-487D-89B1-7D7DC7A00F0B, 2021-01-31T14:16:37, false
9A38F234-2D0B-487D-89B1-7D7DC7A00F0B, 2021-01-31T14:17:37, false
9A38F234-2D0B-487D-89B1-7D7DC7A00F0B, 2021-01-31T14:18:37, false
9A38F234-2D0B-487D-89B1-7D7DC7A00F0B, 2021-01-31T14:19:37, false
9A38F234-2D0B-487D-89B1-7D7DC7A00F0B, 2021-01-31T14:20:37, false
9A38F234-2D0B-487D-89B1-7D7DC7A00F0B, 2021-01-31T14:21:37, false
9A38F234-2D0B-487D-89B1-7D7DC7A00F0B, 2021-01-31T14:22:37, false
9A38F234-2D0B-487D-89B1-7D7DC7A00F0B, 2021-01-31T14:23:37, false
9A38F234-2D0B-487D-89B1-7D7DC7A00F0B, 2021-01-31T14:24:37, false
9A38F234-2D0B-487D-89B1-7D7DC7A00F0B, 2021-01-31T14:25:37, false
9A38F234-2D0B-487D-89B1-7D7DC7A00F0B, 2021-01-31T14:26:37, false
9A38F234-2D0B-487D-89B1-7D7DC7A00F0B, 2021-01-31T14:27:37, false
9A38F234-2D0B-487D-89B1-7D7DC7A00F0B, 2021-01-31T14:28:37, false
9A38F234-2D0B-487D-89B1-7D7DC7A00F0B, 2021-01-31T14:29:37, false
9A38F234-2D0B-487D-89B1-7D7DC7A00F0B, 2021-01-31T14:30:37, false
9A38F234-2D0B-487D-89B1-7D7DC7A00F0B, 2021-01-31T14:31:51, true
9A38F234-2D0B-487D-89B1-7D7DC7A00F0B, 2021-01-31T14:32:53, true
9A38F234-2D0B-487D-89B1-7D7DC7A00F0B, 2021-01-31T14:33:58, true
9A38F234-2D0B-487D-89B1-7D7DC7A00F0B, 2021-01-31T14:35:08, true
9A38F234-2D0B-487D-89B1-7D7DC7A00F0B, 2021-01-31T14:36:23, true
9A38F234-2D0B-487D-89B1-7D7DC7A00F0B, 2021-01-31T14:37:34, true
9A38F234-2D0B-487D-89B1-7D7DC7A00F0B, 2021-01-31T14:38:39, true
9A38F234-2D0B-487D-89B1-7D7DC7A00F0B, 2021-01-31T14:39:39, false
9A38F234-2D0B-487D-89B1-7D7DC7A00F0B, 2021-01-31T14:40:55, true
9A38F234-2D0B-487D-89B1-7D7DC7A00F0B, 2021-01-31T14:41:55, false
9A38F234-2D0B-487D-89B1-7D7DC7A00F0B, 2021-01-31T14:42:41, true
9A38F234-2D0B-487D-89B1-7D7DC7A00F0B, 2021-01-31T14:43:54, true
9A38F234-2D0B-487D-89B1-7D7DC7A00F0B, 2021-01-31T14:44:54, true
9A38F234-2D0B-487D-89B1-7D7DC7A00F0B, 2021-01-31T14:45:57, true
9A38F234-2D0B-487D-89B1-7D7DC7A00F0B, 2021-01-31T14:47:19, true
9A38F234-2D0B-487D-89B1-7D7DC7A00F0B, 2021-01-31T14:48:31, true
9A38F234-2D0B-487D-89B1-7D7DC7A00F0B, 2021-01-31T14:49:48, true
9A38F234-2D0B-487D-89B1-7D7DC7A00F0B, 2021-01-31T14:50:48, false
9A38F234-2D0B-487D-89B1-7D7DC7A00F0B, 2021-01-31T14:51:36, true
9A38F234-2D0B-487D-89B1-7D7DC7A00F0B, 2021-01-31T14:52:48, true
9A38F234-2D0B-487D-89B1-7D7DC7A00F0B, 2021-01-31T14:53:54, true
9A38F234-2D0B-487D-89B1-7D7DC7A00F0B, 2021-01-31T14:55:03, true
9A38F234-2D0B-487D-89B1-7D7DC7A00F0B, 2021-01-31T14:56:06, true
9A38F234-2D0B-487D-89B1-7D7DC7A00F0B, 2021-01-31T14:57:08, true
9A38F234-2D0B-487D-89B1-7D7DC7A00F0B, 2021-01-31T14:58:25, true
9A38F234-2D0B-487D-89B1-7D7DC7A00F0B, 2021-01-31T14:59:29, true
9A38F234-2D0B-487D-89B1-7D7DC7A00F0B, 2021-01-31T15:00:29, true
9A38F234-2D0B-487D-89B1-7D7DC7A00F0B, 2021-01-31T15:01:45, true
9A38F234-2D0B-487D-89B1-7D7DC7A00F0B, 2021-01-31T15:02:52, true
9A38F234-2D0B-487D-89B1-7D7DC7A00F0B, 2021-01-31T15:03:55, true
9A38F234-2D0B-487D-89B1-7D7DC7A00F0B, 2021-01-31T15:05:04, true
9A38F234-2D0B-487D-89B1-7D7DC7A00F0B, 2021-01-31T15:06:10, true
9A38F234-2D0B-487D-89B1-7D7DC7A00F0B, 2021-01-31T15:07:22, true
9A38F234-2D0B-487D-89B1-7D7DC7A00F0B, 2021-01-31T15:08:23, true
9A38F234-2D0B-487D-89B1-7D7DC7A00F0B, 2021-01-31T15:09:26, true
9A38F234-2D0B-487D-89B1-7D7DC7A00F0B, 2021-01-31T15:10:47, true
9A38F234-2D0B-487D-89B1-7D7DC7A00F0B, 2021-01-31T15:11:57, true
9A38F234-2D0B-487D-89B1-7D7DC7A00F0B, 2021-01-31T15:13:05, true
9A38F234-2D0B-487D-89B1-7D7DC7A00F0B, 2021-01-31T15:14:16, true
9A38F234-2D0B-487D-89B1-7D7DC7A00F0B, 2021-01-31T15:15:38, true
9A38F234-2D0B-487D-89B1-7D7DC7A00F0B, 2021-01-31T15:16:46, true
9A38F234-2D0B-487D-89B1-7D7DC7A00F0B, 2021-01-31T15:17:53, true
9A38F234-2D0B-487D-89B1-7D7DC7A00F0B, 2021-01-31T15:19:04, true
9A38F234-2D0B-487D-89B1-7D7DC7A00F0B, 2021-01-31T15:20:09, true
9A38F234-2D0B-487D-89B1-7D7DC7A00F0B, 2021-01-31T15:21:10, true
9A38F234-2D0B-487D-89B1-7D7DC7A00F0B, 2021-01-31T15:22:12, true
9A38F234-2D0B-487D-89B1-7D7DC7A00F0B, 2021-01-31T15:23:26, true
9A38F234-2D0B-487D-89B1-7D7DC7A00F0B, 2021-01-31T15:24:33, true
9A38F234-2D0B-487D-89B1-7D7DC7A00F0B, 2021-01-31T15:25:33, false
9A38F234-2D0B-487D-89B1-7D7DC7A00F0B, 2021-01-31T15:26:26, true
9A38F234-2D0B-487D-89B1-7D7DC7A00F0B, 2021-01-31T15:27:26, false
9A38F234-2D0B-487D-89B1-7D7DC7A00F0B, 2021-01-31T15:28:10, true
9A38F234-2D0B-487D-89B1-7D7DC7A00F0B, 2021-01-31T15:29:10, false
9A38F234-2D0B-487D-89B1-7D7DC7A00F0B, 2021-01-31T15:30:10, false
9A38F234-2D0B-487D-89B1-7D7DC7A00F0B, 2021-01-31T15:31:02, true
9A38F234-2D0B-487D-89B1-7D7DC7A00F0B, 2021-01-31T15:32:09, true
9A38F234-2D0B-487D-89B1-7D7DC7A00F0B, 2021-01-31T15:33:29, true
9A38F234-2D0B-487D-89B1-7D7DC7A00F0B, 2021-01-31T15:34:34, true
9A38F234-2D0B-487D-89B1-7D7DC7A00F0B, 2021-01-31T15:35:47, true
9A38F234-2D0B-487D-89B1-7D7DC7A00F0B, 2021-01-31T15:36:54, true
9A38F234-2D0B-487D-89B1-7D7DC7A00F0B, 2021-01-31T15:38:05, true
9A38F234-2D0B-487D-89B1-7D7DC7A00F0B, 2021-01-31T15:39:13, true
9A38F234-2D0B-487D-89B1-7D7DC7A00F0B, 2021-01-31T15:40:19, true
9A38F234-2D0B-487D-89B1-7D7DC7A00F0B, 2021-01-31T15:41:19, false
9A38F234-2D0B-487D-89B1-7D7DC7A00F0B, 2021-01-31T15:42:11, true
9A38F234-2D0B-487D-89B1-7D7DC7A00F0B, 2021-01-31T15:43:11, false
9A38F234-2D0B-487D-89B1-7D7DC7A00F0B, 2021-01-31T15:44:11, false
9A38F234-2D0B-487D-89B1-7D7DC7A00F0B, 2021-01-31T15:45:11, false
9A38F234-2D0B-487D-89B1-7D7DC7A00F0B, 2021-01-31T15:46:24, true
9A38F234-2D0B-487D-89B1-7D7DC7A00F0B, 2021-01-31T15:47:34, true
9A38F234-2D0B-487D-89B1-7D7DC7A00F0B, 2021-01-31T15:48:50, true
9A38F234-2D0B-487D-89B1-7D7DC7A00F0B, 2021-01-31T15:49:50, false
9A38F234-2D0B-487D-89B1-7D7DC7A00F0B, 2021-01-31T15:50:50, false
9A38F234-2D0B-487D-89B1-7D7DC7A00F0B, 2021-01-31T15:51:50, false
9A38F234-2D0B-487D-89B1-7D7DC7A00F0B, 2021-01-31T15:52:50, false
9A38F234-2D0B-487D-89B1-7D7DC7A00F0B, 2021-01-31T15:53:50, false
9A38F234-2D0B-487D-89B1-7D7DC7A00F0B, 2021-01-31T15:54:59, true
9A38F234-2D0B-487D-89B1-7D7DC7A00F0B, 2021-01-31T15:56:13, true
9A38F234-2D0B-487D-89B1-7D7DC7A00F0B, 2021-01-31T15:57:23, true
9A38F234-2D0B-487D-89B1-7D7DC7A00F0B, 2021-01-31T15:58:24, true
9A38F234-2D0B-487D-89B1-7D7DC7A00F0B, 2021-01-31T15:59:32, true
9A38F234-2D0B-487D-89B1-7D7DC7A00F0B, 2021-01-31T16:00:38, true
9A38F234-2D0B-487D-89B1-7D7DC7A00F0B, 2021-01-31T16:01:47, true
9A38F234-2D0B-487D-89B1-7D7DC7A00F0B, 2021-01-31T16:02:58, true
9A38F234-2D0B-487D-89B1-7D7DC7A00F0B, 2021-01-31T16:04:03, true
9A38F234-2D0B-487D-89B1-7D7DC7A00F0B, 2021-01-31T16:05:04, true
9A38F234-2D0B-487D-89B1-7D7DC7A00F0B, 2021-01-31T16:06:06, true
9A38F234-2D0B-487D-89B1-7D7DC7A00F0B, 2021-01-31T16:07:08, true
9A38F234-2D0B-487D-89B1-7D7DC7A00F0B, 2021-01-31T16:08:11, true
9A38F234-2D0B-487D-89B1-7D7DC7A00F0B, 2021-01-31T16:09:12, true
9A38F234-2D0B-487D-89B1-7D7DC7A00F0B, 2021-01-31T16:10:22, true
9A38F234-2D0B-487D-89B1-7D7DC7A00F0B, 2021-01-31T16:11:23, true
9A38F234-2D0B-487D-89B1-7D7DC7A00F0B, 2021-01-31T16:12:31, true
9A38F234-2D0B-487D-89B1-7D7DC7A00F0B, 2021-01-31T16:13:34, true
9A38F234-2D0B-487D-89B1-7D7DC7A00F0B, 2021-01-31T16:14:36, true
9A38F234-2D0B-487D-89B1-7D7DC7A00F0B, 2021-01-31T16:15:40, true
9A38F234-2D0B-487D-89B1-7D7DC7A00F0B, 2021-01-31T16:16:44, true
9A38F234-2D0B-487D-89B1-7D7DC7A00F0B, 2021-01-31T16:17:54, true
9A38F234-2D0B-487D-89B1-7D7DC7A00F0B, 2021-01-31T16:19:07, true
9A38F234-2D0B-487D-89B1-7D7DC7A00F0B, 2021-01-31T16:20:07, false
9A38F234-2D0B-487D-89B1-7D7DC7A00F0B, 2021-01-31T16:21:07, false
9A38F234-2D0B-487D-89B1-7D7DC7A00F0B, 2021-01-31T16:21:40, true
9A38F234-2D0B-487D-89B1-7D7DC7A00F0B, 2021-01-31T16:22:53, true
9A38F234-2D0B-487D-89B1-7D7DC7A00F0B, 2021-01-31T16:24:04, true
9A38F234-2D0B-487D-89B1-7D7DC7A00F0B, 2021-01-31T16:25:15, true
9A38F234-2D0B-487D-89B1-7D7DC7A00F0B, 2021-01-31T16:26:15, true
9A38F234-2D0B-487D-89B1-7D7DC7A00F0B, 2021-01-31T16:27:29, true
9A38F234-2D0B-487D-89B1-7D7DC7A00F0B, 2021-01-31T16:28:29, false
9A38F234-2D0B-487D-89B1-7D7DC7A00F0B, 2021-01-31T16:29:29, false
9A38F234-2D0B-487D-89B1-7D7DC7A00F0B, 2021-01-31T16:30:17, true
9A38F234-2D0B-487D-89B1-7D7DC7A00F0B, 2021-01-31T16:31:17, false
9A38F234-2D0B-487D-89B1-7D7DC7A00F0B, 2021-01-31T16:31:52, true
9A38F234-2D0B-487D-89B1-7D7DC7A00F0B, 2021-01-31T16:33:21, true
9A38F234-2D0B-487D-89B1-7D7DC7A00F0B, 2021-01-31T16:34:21, false
9A38F234-2D0B-487D-89B1-7D7DC7A00F0B, 2021-01-31T16:35:21, false
9A38F234-2D0B-487D-89B1-7D7DC7A00F0B, 2021-01-31T16:36:21, false
9A38F234-2D0B-487D-89B1-7D7DC7A00F0B, 2021-01-31T16:37:21, false
9A38F234-2D0B-487D-89B1-7D7DC7A00F0B, 2021-01-31T16:38:21, false
9A38F234-2D0B-487D-89B1-7D7DC7A00F0B, 2021-01-31T16:39:21, false
9A38F234-2D0B-487D-89B1-7D7DC7A00F0B, 2021-01-31T16:40:21, false
9A38F234-2D0B-487D-89B1-7D7DC7A00F0B, 2021-01-31T16:41:21, false
9A38F234-2D0B-487D-89B1-7D7DC7A00F0B, 2021-01-31T16:42:21, false
9A38F234-2D0B-487D-89B1-7D7DC7A00F0B, 2021-01-31T16:43:21, false
9A38F234-2D0B-487D-89B1-7D7DC7A00F0B, 2021-01-31T16:44:21, false
9A38F234-2D0B-487D-89B1-7D7DC7A00F0B, 2021-01-31T16:45:21, false
9A38F234-2D0B-487D-89B1-7D7DC7A00F0B, 2021-01-31T16:46:21, false
9A38F234-2D0B-487D-89B1-7D7DC7A00F0B, 2021-01-31T16:47:21, false
9A38F234-2D0B-487D-89B1-7D7DC7A00F0B, 2021-01-31T16:48:21, false
9A38F234-2D0B-487D-89B1-7D7DC7A00F0B, 2021-01-31T16:49:21, false
9A38F234-2D0B-487D-89B1-7D7DC7A00F0B, 2021-01-31T16:50:21, false
9A38F234-2D0B-487D-89B1-7D7DC7A00F0B, 2021-01-31T16:51:21, false
9A38F234-2D0B-487D-89B1-7D7DC7A00F0B, 2021-01-31T16:52:21, false
9A38F234-2D0B-487D-89B1-7D7DC7A00F0B, 2021-01-31T16:53:21, false
9A38F234-2D0B-487D-89B1-7D7DC7A00F0B, 2021-01-31T16:54:21, false
9A38F234-2D0B-487D-89B1-7D7DC7A00F0B, 2021-01-31T16:55:21, false
9A38F234-2D0B-487D-89B1-7D7DC7A00F0B, 2021-01-31T16:56:21, false
9A38F234-2D0B-487D-89B1-7D7DC7A00F0B, 2021-01-31T16:57:21, false
9A38F234-2D0B-487D-89B1-7D7DC7A00F0B, 2021-01-31T16:58:21, false
9A38F234-2D0B-487D-89B1-7D7DC7A00F0B, 2021-01-31T16:59:04, true
9A38F234-2D0B-487D-89B1-7D7DC7A00F0B, 2021-01-31T17:00:04, false
9A38F234-2D0B-487D-89B1-7D7DC7A00F0B, 2021-01-31T17:01:04, false
9A38F234-2D0B-487D-89B1-7D7DC7A00F0B, 2021-01-31T17:02:04, false
9A38F234-2D0B-487D-89B1-7D7DC7A00F0B, 2021-01-31T17:03:04, false
9A38F234-2D0B-487D-89B1-7D7DC7A00F0B, 2021-01-31T17:04:04, false
9A38F234-2D0B-487D-89B1-7D7DC7A00F0B, 2021-01-31T17:05:04, false
9A38F234-2D0B-487D-89B1-7D7DC7A00F0B, 2021-01-31T17:06:04, false
9A38F234-2D0B-487D-89B1-7D7DC7A00F0B, 2021-01-31T17:06:44, true
9A38F234-2D0B-487D-89B1-7D7DC7A00F0B, 2021-01-31T17:07:47, true
9A38F234-2D0B-487D-89B1-7D7DC7A00F0B, 2021-01-31T17:08:55, true
9A38F234-2D0B-487D-89B1-7D7DC7A00F0B, 2021-01-31T17:10:00, true
9A38F234-2D0B-487D-89B1-7D7DC7A00F0B, 2021-01-31T17:11:08, true
9A38F234-2D0B-487D-89B1-7D7DC7A00F0B, 2021-01-31T17:12:20, true
9A38F234-2D0B-487D-89B1-7D7DC7A00F0B, 2021-01-31T17:13:29, true
9A38F234-2D0B-487D-89B1-7D7DC7A00F0B, 2021-01-31T17:14:29, true
9A38F234-2D0B-487D-89B1-7D7DC7A00F0B, 2021-01-31T17:15:38, true
9A38F234-2D0B-487D-89B1-7D7DC7A00F0B, 2021-01-31T17:16:47, true
9A38F234-2D0B-487D-89B1-7D7DC7A00F0B, 2021-01-31T17:18:04, true
9A38F234-2D0B-487D-89B1-7D7DC7A00F0B, 2021-01-31T17:19:08, true
9A38F234-2D0B-487D-89B1-7D7DC7A00F0B, 2021-01-31T17:20:13, true
9A38F234-2D0B-487D-89B1-7D7DC7A00F0B, 2021-01-31T17:21:18, true
9A38F234-2D0B-487D-89B1-7D7DC7A00F0B, 2021-01-31T17:22:29, true
9A38F234-2D0B-487D-89B1-7D7DC7A00F0B, 2021-01-31T17:23:33, true
9A38F234-2D0B-487D-89B1-7D7DC7A00F0B, 2021-01-31T17:24:40, true
9A38F234-2D0B-487D-89B1-7D7DC7A00F0B, 2021-01-31T17:25:44, true
9A38F234-2D0B-487D-89B1-7D7DC7A00F0B, 2021-01-31T17:27:00, true
9A38F234-2D0B-487D-89B1-7D7DC7A00F0B, 2021-01-31T17:28:03, true
9A38F234-2D0B-487D-89B1-7D7DC7A00F0B, 2021-01-31T17:29:10, true
9A38F234-2D0B-487D-89B1-7D7DC7A00F0B, 2021-01-31T17:30:25, true
9A38F234-2D0B-487D-89B1-7D7DC7A00F0B, 2021-01-31T17:31:33, true
9A38F234-2D0B-487D-89B1-7D7DC7A00F0B, 2021-01-31T17:32:45, true
9A38F234-2D0B-487D-89B1-7D7DC7A00F0B, 2021-01-31T17:33:57, true
9A38F234-2D0B-487D-89B1-7D7DC7A00F0B, 2021-01-31T17:34:58, true
9A38F234-2D0B-487D-89B1-7D7DC7A00F0B, 2021-01-31T17:36:12, true
9A38F234-2D0B-487D-89B1-7D7DC7A00F0B, 2021-01-31T17:37:24, true
9A38F234-2D0B-487D-89B1-7D7DC7A00F0B, 2021-01-31T17:38:32, true
9A38F234-2D0B-487D-89B1-7D7DC7A00F0B, 2021-01-31T17:39:33, true
9A38F234-2D0B-487D-89B1-7D7DC7A00F0B, 2021-01-31T17:40:38, true
9A38F234-2D0B-487D-89B1-7D7DC7A00F0B, 2021-01-31T17:41:48, true
9A38F234-2D0B-487D-89B1-7D7DC7A00F0B, 2021-01-31T17:42:57, true
9A38F234-2D0B-487D-89B1-7D7DC7A00F0B, 2021-01-31T17:44:20, true
9A38F234-2D0B-487D-89B1-7D7DC7A00F0B, 2021-01-31T17:45:25, true
9A38F234-2D0B-487D-89B1-7D7DC7A00F0B, 2021-01-31T17:46:28, true
9A38F234-2D0B-487D-89B1-7D7DC7A00F0B, 2021-01-31T17:47:28, false
9A38F234-2D0B-487D-89B1-7D7DC7A00F0B, 2021-01-31T17:48:28, false
9A38F234-2D0B-487D-89B1-7D7DC7A00F0B, 2021-01-31T17:49:28, false
9A38F234-2D0B-487D-89B1-7D7DC7A00F0B, 2021-01-31T17:50:28, false
9A38F234-2D0B-487D-89B1-7D7DC7A00F0B, 2021-01-31T17:51:28, false
9A38F234-2D0B-487D-89B1-7D7DC7A00F0B, 2021-01-31T17:52:28, false
9A38F234-2D0B-487D-89B1-7D7DC7A00F0B, 2021-01-31T17:53:28, false
9A38F234-2D0B-487D-89B1-7D7DC7A00F0B, 2021-01-31T17:54:28, false
9A38F234-2D0B-487D-89B1-7D7DC7A00F0B, 2021-01-31T17:55:14, true
9A38F234-2D0B-487D-89B1-7D7DC7A00F0B, 2021-01-31T17:56:18, true
9A38F234-2D0B-487D-89B1-7D7DC7A00F0B, 2021-01-31T17:57:23, true
9A38F234-2D0B-487D-89B1-7D7DC7A00F0B, 2021-01-31T17:58:28, true
9A38F234-2D0B-487D-89B1-7D7DC7A00F0B, 2021-01-31T17:59:34, true
9A38F234-2D0B-487D-89B1-7D7DC7A00F0B, 2021-01-31T18:00:37, true
9A38F234-2D0B-487D-89B1-7D7DC7A00F0B, 2021-01-31T18:01:40, true
9A38F234-2D0B-487D-89B1-7D7DC7A00F0B, 2021-01-31T18:02:40, true
9A38F234-2D0B-487D-89B1-7D7DC7A00F0B, 2021-01-31T18:03:45, true
9A38F234-2D0B-487D-89B1-7D7DC7A00F0B, 2021-01-31T18:04:57, true
9A38F234-2D0B-487D-89B1-7D7DC7A00F0B, 2021-01-31T18:05:58, true
9A38F234-2D0B-487D-89B1-7D7DC7A00F0B, 2021-01-31T18:07:02, true
9A38F234-2D0B-487D-89B1-7D7DC7A00F0B, 2021-01-31T18:08:09, true
9A38F234-2D0B-487D-89B1-7D7DC7A00F0B, 2021-01-31T18:09:18, true
9A38F234-2D0B-487D-89B1-7D7DC7A00F0B, 2021-01-31T18:10:18, true
9A38F234-2D0B-487D-89B1-7D7DC7A00F0B, 2021-01-31T18:11:22, true
9A38F234-2D0B-487D-89B1-7D7DC7A00F0B, 2021-01-31T18:12:24, true
9A38F234-2D0B-487D-89B1-7D7DC7A00F0B, 2021-01-31T18:13:30, true
9A38F234-2D0B-487D-89B1-7D7DC7A00F0B, 2021-01-31T18:14:36, true
9A38F234-2D0B-487D-89B1-7D7DC7A00F0B, 2021-01-31T18:15:42, true
9A38F234-2D0B-487D-89B1-7D7DC7A00F0B, 2021-01-31T18:16:51, true
9A38F234-2D0B-487D-89B1-7D7DC7A00F0B, 2021-01-31T18:17:57, true
9A38F234-2D0B-487D-89B1-7D7DC7A00F0B, 2021-01-31T18:19:10, true
9A38F234-2D0B-487D-89B1-7D7DC7A00F0B, 2021-01-31T18:20:10, true
9A38F234-2D0B-487D-89B1-7D7DC7A00F0B, 2021-01-31T18:21:21, true
9A38F234-2D0B-487D-89B1-7D7DC7A00F0B, 2021-01-31T18:22:29, true
9A38F234-2D0B-487D-89B1-7D7DC7A00F0B, 2021-01-31T18:23:31, true
9A38F234-2D0B-487D-89B1-7D7DC7A00F0B, 2021-01-31T18:24:37, true
9A38F234-2D0B-487D-89B1-7D7DC7A00F0B, 2021-01-31T18:25:38, true
9A38F234-2D0B-487D-89B1-7D7DC7A00F0B, 2021-01-31T18:26:40, true
9A38F234-2D0B-487D-89B1-7D7DC7A00F0B, 2021-01-31T18:27:50, true
9A38F234-2D0B-487D-89B1-7D7DC7A00F0B, 2021-01-31T18:28:58, true
9A38F234-2D0B-487D-89B1-7D7DC7A00F0B, 2021-01-31T18:30:08, true
9A38F234-2D0B-487D-89B1-7D7DC7A00F0B, 2021-01-31T18:31:15, true
9A38F234-2D0B-487D-89B1-7D7DC7A00F0B, 2021-01-31T18:32:16, true
9A38F234-2D0B-487D-89B1-7D7DC7A00F0B, 2021-01-31T18:33:27, true
9A38F234-2D0B-487D-89B1-7D7DC7A00F0B, 2021-01-31T18:34:30, true
9A38F234-2D0B-487D-89B1-7D7DC7A00F0B, 2021-01-31T18:35:36, true
9A38F234-2D0B-487D-89B1-7D7DC7A00F0B, 2021-01-31T18:36:42, true
9A38F234-2D0B-487D-89B1-7D7DC7A00F0B, 2021-01-31T18:37:46, true
9A38F234-2D0B-487D-89B1-7D7DC7A00F0B, 2021-01-31T18:38:50, true
9A38F234-2D0B-487D-89B1-7D7DC7A00F0B, 2021-01-31T18:39:53, true
9A38F234-2D0B-487D-89B1-7D7DC7A00F0B, 2021-01-31T18:40:55, true
9A38F234-2D0B-487D-89B1-7D7DC7A00F0B, 2021-01-31T18:41:57, true
9A38F234-2D0B-487D-89B1-7D7DC7A00F0B, 2021-01-31T18:42:59, true
9A38F234-2D0B-487D-89B1-7D7DC7A00F0B, 2021-01-31T18:44:04, true
9A38F234-2D0B-487D-89B1-7D7DC7A00F0B, 2021-01-31T18:45:11, true
9A38F234-2D0B-487D-89B1-7D7DC7A00F0B, 2021-01-31T18:46:13, true
9A38F234-2D0B-487D-89B1-7D7DC7A00F0B, 2021-01-31T18:47:14, true
9A38F234-2D0B-487D-89B1-7D7DC7A00F0B, 2021-01-31T18:48:22, true
9A38F234-2D0B-487D-89B1-7D7DC7A00F0B, 2021-01-31T18:49:25, true
9A38F234-2D0B-487D-89B1-7D7DC7A00F0B, 2021-01-31T18:50:35, true
9A38F234-2D0B-487D-89B1-7D7DC7A00F0B, 2021-01-31T18:51:41, true
9A38F234-2D0B-487D-89B1-7D7DC7A00F0B, 2021-01-31T18:52:42, true
9A38F234-2D0B-487D-89B1-7D7DC7A00F0B, 2021-01-31T18:53:49, true
9A38F234-2D0B-487D-89B1-7D7DC7A00F0B, 2021-01-31T18:54:52, true
9A38F234-2D0B-487D-89B1-7D7DC7A00F0B, 2021-01-31T18:56:00, true
9A38F234-2D0B-487D-89B1-7D7DC7A00F0B, 2021-01-31T18:57:05, true
9A38F234-2D0B-487D-89B1-7D7DC7A00F0B, 2021-01-31T18:58:12, true
9A38F234-2D0B-487D-89B1-7D7DC7A00F0B, 2021-01-31T18:59:23, true
9A38F234-2D0B-487D-89B1-7D7DC7A00F0B, 2021-01-31T19:00:33, true
9A38F234-2D0B-487D-89B1-7D7DC7A00F0B, 2021-01-31T19:01:40, true
9A38F234-2D0B-487D-89B1-7D7DC7A00F0B, 2021-01-31T19:02:42, true
9A38F234-2D0B-487D-89B1-7D7DC7A00F0B, 2021-01-31T19:03:43, true
9A38F234-2D0B-487D-89B1-7D7DC7A00F0B, 2021-01-31T19:04:48, true
9A38F234-2D0B-487D-89B1-7D7DC7A00F0B, 2021-01-31T19:05:50, true
9A38F234-2D0B-487D-89B1-7D7DC7A00F0B, 2021-01-31T19:06:58, true
9A38F234-2D0B-487D-89B1-7D7DC7A00F0B, 2021-01-31T19:07:58, false
9A38F234-2D0B-487D-89B1-7D7DC7A00F0B, 2021-01-31T19:08:41, true
9A38F234-2D0B-487D-89B1-7D7DC7A00F0B, 2021-01-31T19:09:44, true
9A38F234-2D0B-487D-89B1-7D7DC7A00F0B, 2021-01-31T19:10:55, true
9A38F234-2D0B-487D-89B1-7D7DC7A00F0B, 2021-01-31T19:12:06, true
9A38F234-2D0B-487D-89B1-7D7DC7A00F0B, 2021-01-31T19:13:15, true
9A38F234-2D0B-487D-89B1-7D7DC7A00F0B, 2021-01-31T19:14:23, true
9A38F234-2D0B-487D-89B1-7D7DC7A00F0B, 2021-01-31T19:15:29, true
9A38F234-2D0B-487D-89B1-7D7DC7A00F0B, 2021-01-31T19:16:38, true
9A38F234-2D0B-487D-89B1-7D7DC7A00F0B, 2021-01-31T19:17:39, true
9A38F234-2D0B-487D-89B1-7D7DC7A00F0B, 2021-01-31T19:18:56, true
9A38F234-2D0B-487D-89B1-7D7DC7A00F0B, 2021-01-31T19:20:11, true
9A38F234-2D0B-487D-89B1-7D7DC7A00F0B, 2021-01-31T19:21:22, true
9A38F234-2D0B-487D-89B1-7D7DC7A00F0B, 2021-01-31T19:22:26, true
9A38F234-2D0B-487D-89B1-7D7DC7A00F0B, 2021-01-31T19:23:26, false
9A38F234-2D0B-487D-89B1-7D7DC7A00F0B, 2021-01-31T19:24:26, false
9A38F234-2D0B-487D-89B1-7D7DC7A00F0B, 2021-01-31T19:25:22, true
9A38F234-2D0B-487D-89B1-7D7DC7A00F0B, 2021-01-31T19:26:26, true
9A38F234-2D0B-487D-89B1-7D7DC7A00F0B, 2021-01-31T19:27:32, true
9A38F234-2D0B-487D-89B1-7D7DC7A00F0B, 2021-01-31T19:28:40, true
9A38F234-2D0B-487D-89B1-7D7DC7A00F0B, 2021-01-31T19:29:45, true
9A38F234-2D0B-487D-89B1-7D7DC7A00F0B, 2021-01-31T19:30:49, true
9A38F234-2D0B-487D-89B1-7D7DC7A00F0B, 2021-01-31T19:32:02, true
9A38F234-2D0B-487D-89B1-7D7DC7A00F0B, 2021-01-31T19:33:03, true
9A38F234-2D0B-487D-89B1-7D7DC7A00F0B, 2021-01-31T19:34:06, true
9A38F234-2D0B-487D-89B1-7D7DC7A00F0B, 2021-01-31T19:35:13, true
9A38F234-2D0B-487D-89B1-7D7DC7A00F0B, 2021-01-31T19:36:24, true
9A38F234-2D0B-487D-89B1-7D7DC7A00F0B, 2021-01-31T19:37:30, true
9A38F234-2D0B-487D-89B1-7D7DC7A00F0B, 2021-01-31T19:38:34, true
9A38F234-2D0B-487D-89B1-7D7DC7A00F0B, 2021-01-31T19:39:39, true
9A38F234-2D0B-487D-89B1-7D7DC7A00F0B, 2021-01-31T19:40:41, true
9A38F234-2D0B-487D-89B1-7D7DC7A00F0B, 2021-01-31T19:41:45, true
9A38F234-2D0B-487D-89B1-7D7DC7A00F0B, 2021-01-31T19:42:51, true
9A38F234-2D0B-487D-89B1-7D7DC7A00F0B, 2021-01-31T19:43:59, true
9A38F234-2D0B-487D-89B1-7D7DC7A00F0B, 2021-01-31T19:45:09, true
9A38F234-2D0B-487D-89B1-7D7DC7A00F0B, 2021-01-31T19:46:19, true
9A38F234-2D0B-487D-89B1-7D7DC7A00F0B, 2021-01-31T19:47:22, true
9A38F234-2D0B-487D-89B1-7D7DC7A00F0B, 2021-01-31T19:48:28, true
9A38F234-2D0B-487D-89B1-7D7DC7A00F0B, 2021-01-31T19:49:30, true
9A38F234-2D0B-487D-89B1-7D7DC7A00F0B, 2021-01-31T19:50:35, true
9A38F234-2D0B-487D-89B1-7D7DC7A00F0B, 2021-01-31T19:51:45, true
9A38F234-2D0B-487D-89B1-7D7DC7A00F0B, 2021-01-31T19:52:50, true
9A38F234-2D0B-487D-89B1-7D7DC7A00F0B, 2021-01-31T19:53:50, true
9A38F234-2D0B-487D-89B1-7D7DC7A00F0B, 2021-01-31T19:55:03, true
9A38F234-2D0B-487D-89B1-7D7DC7A00F0B, 2021-01-31T19:56:04, true
9A38F234-2D0B-487D-89B1-7D7DC7A00F0B, 2021-01-31T19:57:17, true
9A38F234-2D0B-487D-89B1-7D7DC7A00F0B, 2021-01-31T19:58:22, true
9A38F234-2D0B-487D-89B1-7D7DC7A00F0B, 2021-01-31T19:59:33, true
9A38F234-2D0B-487D-89B1-7D7DC7A00F0B, 2021-01-31T20:00:37, true
9A38F234-2D0B-487D-89B1-7D7DC7A00F0B, 2021-01-31T20:01:40, true
9A38F234-2D0B-487D-89B1-7D7DC7A00F0B, 2021-01-31T20:02:46, true
9A38F234-2D0B-487D-89B1-7D7DC7A00F0B, 2021-01-31T20:03:58, true
9A38F234-2D0B-487D-89B1-7D7DC7A00F0B, 2021-01-31T20:05:09, true
9A38F234-2D0B-487D-89B1-7D7DC7A00F0B, 2021-01-31T20:06:13, true
9A38F234-2D0B-487D-89B1-7D7DC7A00F0B, 2021-01-31T20:07:18, true
9A38F234-2D0B-487D-89B1-7D7DC7A00F0B, 2021-01-31T20:08:18, true
9A38F234-2D0B-487D-89B1-7D7DC7A00F0B, 2021-01-31T20:09:19, true
9A38F234-2D0B-487D-89B1-7D7DC7A00F0B, 2021-01-31T20:10:23, true
9A38F234-2D0B-487D-89B1-7D7DC7A00F0B, 2021-01-31T20:11:28, true
9A38F234-2D0B-487D-89B1-7D7DC7A00F0B, 2021-01-31T20:12:33, true
9A38F234-2D0B-487D-89B1-7D7DC7A00F0B, 2021-01-31T20:13:44, true
9A38F234-2D0B-487D-89B1-7D7DC7A00F0B, 2021-01-31T20:14:49, true
9A38F234-2D0B-487D-89B1-7D7DC7A00F0B, 2021-01-31T20:15:53, true
9A38F234-2D0B-487D-89B1-7D7DC7A00F0B, 2021-01-31T20:16:58, true
9A38F234-2D0B-487D-89B1-7D7DC7A00F0B, 2021-01-31T20:18:01, true
9A38F234-2D0B-487D-89B1-7D7DC7A00F0B, 2021-01-31T20:19:06, true
9A38F234-2D0B-487D-89B1-7D7DC7A00F0B, 2021-01-31T20:20:11, true
9A38F234-2D0B-487D-89B1-7D7DC7A00F0B, 2021-01-31T20:21:15, true
9A38F234-2D0B-487D-89B1-7D7DC7A00F0B, 2021-01-31T20:22:21, true
9A38F234-2D0B-487D-89B1-7D7DC7A00F0B, 2021-01-31T20:23:24, true
9A38F234-2D0B-487D-89B1-7D7DC7A00F0B, 2021-01-31T20:24:29, true
9A38F234-2D0B-487D-89B1-7D7DC7A00F0B, 2021-01-31T20:25:33, true
9A38F234-2D0B-487D-89B1-7D7DC7A00F0B, 2021-01-31T20:26:34, true
9A38F234-2D0B-487D-89B1-7D7DC7A00F0B, 2021-01-31T20:27:39, true
9A38F234-2D0B-487D-89B1-7D7DC7A00F0B, 2021-01-31T20:28:41, true
9A38F234-2D0B-487D-89B1-7D7DC7A00F0B, 2021-01-31T20:29:46, true
9A38F234-2D0B-487D-89B1-7D7DC7A00F0B, 2021-01-31T20:30:51, true
9A38F234-2D0B-487D-89B1-7D7DC7A00F0B, 2021-01-31T20:31:55, true
9A38F234-2D0B-487D-89B1-7D7DC7A00F0B, 2021-01-31T20:33:09, true
9A38F234-2D0B-487D-89B1-7D7DC7A00F0B, 2021-01-31T20:34:14, true
9A38F234-2D0B-487D-89B1-7D7DC7A00F0B, 2021-01-31T20:35:16, true
9A38F234-2D0B-487D-89B1-7D7DC7A00F0B, 2021-01-31T20:36:24, true
9A38F234-2D0B-487D-89B1-7D7DC7A00F0B, 2021-01-31T20:37:28, true
9A38F234-2D0B-487D-89B1-7D7DC7A00F0B, 2021-01-31T20:38:37, true
9A38F234-2D0B-487D-89B1-7D7DC7A00F0B, 2021-01-31T20:39:42, true
9A38F234-2D0B-487D-89B1-7D7DC7A00F0B, 2021-01-31T20:40:48, true
9A38F234-2D0B-487D-89B1-7D7DC7A00F0B, 2021-01-31T20:41:54, true
9A38F234-2D0B-487D-89B1-7D7DC7A00F0B, 2021-01-31T20:42:54, true
9A38F234-2D0B-487D-89B1-7D7DC7A00F0B, 2021-01-31T20:44:00, true
9A38F234-2D0B-487D-89B1-7D7DC7A00F0B, 2021-01-31T20:45:05, true
9A38F234-2D0B-487D-89B1-7D7DC7A00F0B, 2021-01-31T20:46:11, true
9A38F234-2D0B-487D-89B1-7D7DC7A00F0B, 2021-01-31T20:47:15, true
9A38F234-2D0B-487D-89B1-7D7DC7A00F0B, 2021-01-31T20:48:19, true
9A38F234-2D0B-487D-89B1-7D7DC7A00F0B, 2021-01-31T20:49:25, true
9A38F234-2D0B-487D-89B1-7D7DC7A00F0B, 2021-01-31T20:50:29, true
9A38F234-2D0B-487D-89B1-7D7DC7A00F0B, 2021-01-31T20:51:36, true
9A38F234-2D0B-487D-89B1-7D7DC7A00F0B, 2021-01-31T20:52:38, true
9A38F234-2D0B-487D-89B1-7D7DC7A00F0B, 2021-01-31T20:53:49, true
9A38F234-2D0B-487D-89B1-7D7DC7A00F0B, 2021-01-31T20:54:50, true
9A38F234-2D0B-487D-89B1-7D7DC7A00F0B, 2021-01-31T20:55:55, true
9A38F234-2D0B-487D-89B1-7D7DC7A00F0B, 2021-01-31T20:56:59, true
9A38F234-2D0B-487D-89B1-7D7DC7A00F0B, 2021-01-31T20:58:04, true
9A38F234-2D0B-487D-89B1-7D7DC7A00F0B, 2021-01-31T20:59:09, true
9A38F234-2D0B-487D-89B1-7D7DC7A00F0B, 2021-01-31T21:00:14, true
9A38F234-2D0B-487D-89B1-7D7DC7A00F0B, 2021-01-31T21:01:22, true
9A38F234-2D0B-487D-89B1-7D7DC7A00F0B, 2021-01-31T21:02:27, true
9A38F234-2D0B-487D-89B1-7D7DC7A00F0B, 2021-01-31T21:03:32, true
9A38F234-2D0B-487D-89B1-7D7DC7A00F0B, 2021-01-31T21:04:37, true
9A38F234-2D0B-487D-89B1-7D7DC7A00F0B, 2021-01-31T21:05:41, true
9A38F234-2D0B-487D-89B1-7D7DC7A00F0B, 2021-01-31T21:06:46, true
9A38F234-2D0B-487D-89B1-7D7DC7A00F0B, 2021-01-31T21:07:55, true
9A38F234-2D0B-487D-89B1-7D7DC7A00F0B, 2021-01-31T21:09:00, true
9A38F234-2D0B-487D-89B1-7D7DC7A00F0B, 2021-01-31T21:10:10, true
9A38F234-2D0B-487D-89B1-7D7DC7A00F0B, 2021-01-31T21:11:20, true
9A38F234-2D0B-487D-89B1-7D7DC7A00F0B, 2021-01-31T21:12:26, true
9A38F234-2D0B-487D-89B1-7D7DC7A00F0B, 2021-01-31T21:13:28, true
9A38F234-2D0B-487D-89B1-7D7DC7A00F0B, 2021-01-31T21:14:32, true
9A38F234-2D0B-487D-89B1-7D7DC7A00F0B, 2021-01-31T21:15:37, true
9A38F234-2D0B-487D-89B1-7D7DC7A00F0B, 2021-01-31T21:16:42, true
9A38F234-2D0B-487D-89B1-7D7DC7A00F0B, 2021-01-31T21:17:55, true
9A38F234-2D0B-487D-89B1-7D7DC7A00F0B, 2021-01-31T21:19:04, true
9A38F234-2D0B-487D-89B1-7D7DC7A00F0B, 2021-01-31T21:20:08, true
9A38F234-2D0B-487D-89B1-7D7DC7A00F0B, 2021-01-31T21:21:11, true
9A38F234-2D0B-487D-89B1-7D7DC7A00F0B, 2021-01-31T21:22:17, true
9A38F234-2D0B-487D-89B1-7D7DC7A00F0B, 2021-01-31T21:23:20, true
9A38F234-2D0B-487D-89B1-7D7DC7A00F0B, 2021-01-31T21:24:24, true
9A38F234-2D0B-487D-89B1-7D7DC7A00F0B, 2021-01-31T21:25:29, true
9A38F234-2D0B-487D-89B1-7D7DC7A00F0B, 2021-01-31T21:26:31, true
9A38F234-2D0B-487D-89B1-7D7DC7A00F0B, 2021-01-31T21:27:36, true
9A38F234-2D0B-487D-89B1-7D7DC7A00F0B, 2021-01-31T21:28:41, true
9A38F234-2D0B-487D-89B1-7D7DC7A00F0B, 2021-01-31T21:29:48, true
9A38F234-2D0B-487D-89B1-7D7DC7A00F0B, 2021-01-31T21:30:56, true
9A38F234-2D0B-487D-89B1-7D7DC7A00F0B, 2021-01-31T21:32:02, true
9A38F234-2D0B-487D-89B1-7D7DC7A00F0B, 2021-01-31T21:33:13, true
9A38F234-2D0B-487D-89B1-7D7DC7A00F0B, 2021-01-31T21:34:15, true
9A38F234-2D0B-487D-89B1-7D7DC7A00F0B, 2021-01-31T21:35:19, true
9A38F234-2D0B-487D-89B1-7D7DC7A00F0B, 2021-01-31T21:36:26, true
9A38F234-2D0B-487D-89B1-7D7DC7A00F0B, 2021-01-31T21:37:34, true
9A38F234-2D0B-487D-89B1-7D7DC7A00F0B, 2021-01-31T21:38:40, true
9A38F234-2D0B-487D-89B1-7D7DC7A00F0B, 2021-01-31T21:39:44, true
9A38F234-2D0B-487D-89B1-7D7DC7A00F0B, 2021-01-31T21:40:49, true
9A38F234-2D0B-487D-89B1-7D7DC7A00F0B, 2021-01-31T21:42:00, true
9A38F234-2D0B-487D-89B1-7D7DC7A00F0B, 2021-01-31T21:43:05, true
9A38F234-2D0B-487D-89B1-7D7DC7A00F0B, 2021-01-31T21:44:09, true
9A38F234-2D0B-487D-89B1-7D7DC7A00F0B, 2021-01-31T21:45:10, true
9A38F234-2D0B-487D-89B1-7D7DC7A00F0B, 2021-01-31T21:46:15, true
9A38F234-2D0B-487D-89B1-7D7DC7A00F0B, 2021-01-31T21:47:21, true
9A38F234-2D0B-487D-89B1-7D7DC7A00F0B, 2021-01-31T21:48:27, true
9A38F234-2D0B-487D-89B1-7D7DC7A00F0B, 2021-01-31T21:49:31, true
9A38F234-2D0B-487D-89B1-7D7DC7A00F0B, 2021-01-31T21:50:35, true
9A38F234-2D0B-487D-89B1-7D7DC7A00F0B, 2021-01-31T21:51:40, true
9A38F234-2D0B-487D-89B1-7D7DC7A00F0B, 2021-01-31T21:52:44, true
9A38F234-2D0B-487D-89B1-7D7DC7A00F0B, 2021-01-31T21:53:51, true
9A38F234-2D0B-487D-89B1-7D7DC7A00F0B, 2021-01-31T21:54:55, true
9A38F234-2D0B-487D-89B1-7D7DC7A00F0B, 2021-01-31T21:56:00, true
9A38F234-2D0B-487D-89B1-7D7DC7A00F0B, 2021-01-31T21:57:02, true
9A38F234-2D0B-487D-89B1-7D7DC7A00F0B, 2021-01-31T21:58:07, true
9A38F234-2D0B-487D-89B1-7D7DC7A00F0B, 2021-01-31T21:59:12, true
9A38F234-2D0B-487D-89B1-7D7DC7A00F0B, 2021-01-31T22:00:17, true
9A38F234-2D0B-487D-89B1-7D7DC7A00F0B, 2021-01-31T22:01:21, true
9A38F234-2D0B-487D-89B1-7D7DC7A00F0B, 2021-01-31T22:02:27, true
9A38F234-2D0B-487D-89B1-7D7DC7A00F0B, 2021-01-31T22:03:30, true
9A38F234-2D0B-487D-89B1-7D7DC7A00F0B, 2021-01-31T22:04:35, true
9A38F234-2D0B-487D-89B1-7D7DC7A00F0B, 2021-01-31T22:05:37, true
9A38F234-2D0B-487D-89B1-7D7DC7A00F0B, 2021-01-31T22:06:42, true
9A38F234-2D0B-487D-89B1-7D7DC7A00F0B, 2021-01-31T22:07:45, true
9A38F234-2D0B-487D-89B1-7D7DC7A00F0B, 2021-01-31T22:08:54, true
9A38F234-2D0B-487D-89B1-7D7DC7A00F0B, 2021-01-31T22:09:59, true
9A38F234-2D0B-487D-89B1-7D7DC7A00F0B, 2021-01-31T22:11:06, true
9A38F234-2D0B-487D-89B1-7D7DC7A00F0B, 2021-01-31T22:12:16, true
9A38F234-2D0B-487D-89B1-7D7DC7A00F0B, 2021-01-31T22:13:20, true
9A38F234-2D0B-487D-89B1-7D7DC7A00F0B, 2021-01-31T22:14:26, true
9A38F234-2D0B-487D-89B1-7D7DC7A00F0B, 2021-01-31T22:15:30, true
9A38F234-2D0B-487D-89B1-7D7DC7A00F0B, 2021-01-31T22:16:41, true
9A38F234-2D0B-487D-89B1-7D7DC7A00F0B, 2021-01-31T22:17:48, true
9A38F234-2D0B-487D-89B1-7D7DC7A00F0B, 2021-01-31T22:18:56, true
9A38F234-2D0B-487D-89B1-7D7DC7A00F0B, 2021-01-31T22:20:02, true
9A38F234-2D0B-487D-89B1-7D7DC7A00F0B, 2021-01-31T22:21:05, true
9A38F234-2D0B-487D-89B1-7D7DC7A00F0B, 2021-01-31T22:22:12, true
9A38F234-2D0B-487D-89B1-7D7DC7A00F0B, 2021-01-31T22:23:17, true
9A38F234-2D0B-487D-89B1-7D7DC7A00F0B, 2021-01-31T22:24:17, true
9A38F234-2D0B-487D-89B1-7D7DC7A00F0B, 2021-01-31T22:25:19, true
9A38F234-2D0B-487D-89B1-7D7DC7A00F0B, 2021-01-31T22:26:23, true
9A38F234-2D0B-487D-89B1-7D7DC7A00F0B, 2021-01-31T22:27:33, true
9A38F234-2D0B-487D-89B1-7D7DC7A00F0B, 2021-01-31T22:28:34, true
9A38F234-2D0B-487D-89B1-7D7DC7A00F0B, 2021-01-31T22:29:40, true
9A38F234-2D0B-487D-89B1-7D7DC7A00F0B, 2021-01-31T22:30:50, true
9A38F234-2D0B-487D-89B1-7D7DC7A00F0B, 2021-01-31T22:31:55, true
9A38F234-2D0B-487D-89B1-7D7DC7A00F0B, 2021-01-31T22:33:04, true
9A38F234-2D0B-487D-89B1-7D7DC7A00F0B, 2021-01-31T22:34:08, true
9A38F234-2D0B-487D-89B1-7D7DC7A00F0B, 2021-01-31T22:35:15, true
9A38F234-2D0B-487D-89B1-7D7DC7A00F0B, 2021-01-31T22:36:18, true
9A38F234-2D0B-487D-89B1-7D7DC7A00F0B, 2021-01-31T22:37:23, true
9A38F234-2D0B-487D-89B1-7D7DC7A00F0B, 2021-01-31T22:38:28, true
9A38F234-2D0B-487D-89B1-7D7DC7A00F0B, 2021-01-31T22:39:34, true
9A38F234-2D0B-487D-89B1-7D7DC7A00F0B, 2021-01-31T22:40:38, true
9A38F234-2D0B-487D-89B1-7D7DC7A00F0B, 2021-01-31T22:41:40, true
9A38F234-2D0B-487D-89B1-7D7DC7A00F0B, 2021-01-31T22:42:44, true
9A38F234-2D0B-487D-89B1-7D7DC7A00F0B, 2021-01-31T22:43:52, true
9A38F234-2D0B-487D-89B1-7D7DC7A00F0B, 2021-01-31T22:44:54, true
9A38F234-2D0B-487D-89B1-7D7DC7A00F0B, 2021-01-31T22:45:59, true
9A38F234-2D0B-487D-89B1-7D7DC7A00F0B, 2021-01-31T22:47:04, true
9A38F234-2D0B-487D-89B1-7D7DC7A00F0B, 2021-01-31T22:48:05, true
9A38F234-2D0B-487D-89B1-7D7DC7A00F0B, 2021-01-31T22:49:09, true
9A38F234-2D0B-487D-89B1-7D7DC7A00F0B, 2021-01-31T22:50:14, true
9A38F234-2D0B-487D-89B1-7D7DC7A00F0B, 2021-01-31T22:51:19, true
9A38F234-2D0B-487D-89B1-7D7DC7A00F0B, 2021-01-31T22:52:31, true
9A38F234-2D0B-487D-89B1-7D7DC7A00F0B, 2021-01-31T22:53:41, true
9A38F234-2D0B-487D-89B1-7D7DC7A00F0B, 2021-01-31T22:54:43, true
9A38F234-2D0B-487D-89B1-7D7DC7A00F0B, 2021-01-31T22:55:43, true
9A38F234-2D0B-487D-89B1-7D7DC7A00F0B, 2021-01-31T22:56:48, true
9A38F234-2D0B-487D-89B1-7D7DC7A00F0B, 2021-01-31T22:57:52, true
9A38F234-2D0B-487D-89B1-7D7DC7A00F0B, 2021-01-31T22:58:58, true
9A38F234-2D0B-487D-89B1-7D7DC7A00F0B, 2021-01-31T23:00:03, true
9A38F234-2D0B-487D-89B1-7D7DC7A00F0B, 2021-01-31T23:01:14, true
9A38F234-2D0B-487D-89B1-7D7DC7A00F0B, 2021-01-31T23:02:25, true
9A38F234-2D0B-487D-89B1-7D7DC7A00F0B, 2021-01-31T23:03:33, true
9A38F234-2D0B-487D-89B1-7D7DC7A00F0B, 2021-01-31T23:04:37, true
9A38F234-2D0B-487D-89B1-7D7DC7A00F0B, 2021-01-31T23:05:43, true
9A38F234-2D0B-487D-89B1-7D7DC7A00F0B, 2021-01-31T23:06:52, true
9A38F234-2D0B-487D-89B1-7D7DC7A00F0B, 2021-01-31T23:08:00, true
9A38F234-2D0B-487D-89B1-7D7DC7A00F0B, 2021-01-31T23:09:01, true
9A38F234-2D0B-487D-89B1-7D7DC7A00F0B, 2021-01-31T23:10:05, true
9A38F234-2D0B-487D-89B1-7D7DC7A00F0B, 2021-01-31T23:11:10, true
9A38F234-2D0B-487D-89B1-7D7DC7A00F0B, 2021-01-31T23:12:15, true
9A38F234-2D0B-487D-89B1-7D7DC7A00F0B, 2021-01-31T23:13:21, true
9A38F234-2D0B-487D-89B1-7D7DC7A00F0B, 2021-01-31T23:14:29, true
9A38F234-2D0B-487D-89B1-7D7DC7A00F0B, 2021-01-31T23:15:33, true
9A38F234-2D0B-487D-89B1-7D7DC7A00F0B, 2021-01-31T23:16:41, true
9A38F234-2D0B-487D-89B1-7D7DC7A00F0B, 2021-01-31T23:17:44, true
9A38F234-2D0B-487D-89B1-7D7DC7A00F0B, 2021-01-31T23:18:55, true
9A38F234-2D0B-487D-89B1-7D7DC7A00F0B, 2021-01-31T23:19:59, true
9A38F234-2D0B-487D-89B1-7D7DC7A00F0B, 2021-01-31T23:21:06, true
9A38F234-2D0B-487D-89B1-7D7DC7A00F0B, 2021-01-31T23:22:09, true
9A38F234-2D0B-487D-89B1-7D7DC7A00F0B, 2021-01-31T23:23:11, true
9A38F234-2D0B-487D-89B1-7D7DC7A00F0B, 2021-01-31T23:24:23, true
9A38F234-2D0B-487D-89B1-7D7DC7A00F0B, 2021-01-31T23:25:28, true
9A38F234-2D0B-487D-89B1-7D7DC7A00F0B, 2021-01-31T23:26:43, true
9A38F234-2D0B-487D-89B1-7D7DC7A00F0B, 2021-01-31T23:27:48, true
9A38F234-2D0B-487D-89B1-7D7DC7A00F0B, 2021-01-31T23:28:51, true
9A38F234-2D0B-487D-89B1-7D7DC7A00F0B, 2021-01-31T23:29:55, true
9A38F234-2D0B-487D-89B1-7D7DC7A00F0B, 2021-01-31T23:30:59, true
9A38F234-2D0B-487D-89B1-7D7DC7A00F0B, 2021-01-31T23:32:04, true
9A38F234-2D0B-487D-89B1-7D7DC7A00F0B, 2021-01-31T23:33:16, true
9A38F234-2D0B-487D-89B1-7D7DC7A00F0B, 2021-01-31T23:34:18, true
9A38F234-2D0B-487D-89B1-7D7DC7A00F0B, 2021-01-31T23:35:20, true
9A38F234-2D0B-487D-89B1-7D7DC7A00F0B, 2021-01-31T23:36:31, true
9A38F234-2D0B-487D-89B1-7D7DC7A00F0B, 2021-01-31T23:37:37, true
9A38F234-2D0B-487D-89B1-7D7DC7A00F0B, 2021-01-31T23:38:42, true
9A38F234-2D0B-487D-89B1-7D7DC7A00F0B, 2021-01-31T23:39:47, true
9A38F234-2D0B-487D-89B1-7D7DC7A00F0B, 2021-01-31T23:40:51, true
9A38F234-2D0B-487D-89B1-7D7DC7A00F0B, 2021-01-31T23:41:57, true
9A38F234-2D0B-487D-89B1-7D7DC7A00F0B, 2021-01-31T23:43:01, true
9A38F234-2D0B-487D-89B1-7D7DC7A00F0B, 2021-01-31T23:44:06, true
9A38F234-2D0B-487D-89B1-7D7DC7A00F0B, 2021-01-31T23:45:17, true
9A38F234-2D0B-487D-89B1-7D7DC7A00F0B, 2021-01-31T23:46:22, true
9A38F234-2D0B-487D-89B1-7D7DC7A00F0B, 2021-01-31T23:47:32, true
9A38F234-2D0B-487D-89B1-7D7DC7A00F0B, 2021-01-31T23:48:37, true
9A38F234-2D0B-487D-89B1-7D7DC7A00F0B, 2021-01-31T23:49:42, true
9A38F234-2D0B-487D-89B1-7D7DC7A00F0B, 2021-01-31T23:50:53, true
9A38F234-2D0B-487D-89B1-7D7DC7A00F0B, 2021-01-31T23:51:57, true
9A38F234-2D0B-487D-89B1-7D7DC7A00F0B, 2021-01-31T23:53:08, true
9A38F234-2D0B-487D-89B1-7D7DC7A00F0B, 2021-01-31T23:54:10, true
9A38F234-2D0B-487D-89B1-7D7DC7A00F0B, 2021-01-31T23:55:21, true
9A38F234-2D0B-487D-89B1-7D7DC7A00F0B, 2021-01-31T23:56:30, true
9A38F234-2D0B-487D-89B1-7D7DC7A00F0B, 2021-01-31T23:57:31, true
9A38F234-2D0B-487D-89B1-7D7DC7A00F0B, 2021-01-31T23:58:35, true
9A38F234-2D0B-487D-89B1-7D7DC7A00F0B, 2021-01-31T23:59:39, true
9A38F234-2D0B-487D-89B1-7D7DC7A00F0B, 2021-02-01T00:00:44, true
9A38F234-2D0B-487D-89B1-7D7DC7A00F0B, 2021-02-01T00:01:51, true
9A38F234-2D0B-487D-89B1-7D7DC7A00F0B, 2021-02-01T00:02:59, true
9A38F234-2D0B-487D-89B1-7D7DC7A00F0B, 2021-02-01T00:04:02, true
9A38F234-2D0B-487D-89B1-7D7DC7A00F0B, 2021-02-01T00:05:06, true
9A38F234-2D0B-487D-89B1-7D7DC7A00F0B, 2021-02-01T00:06:10, true
9A38F234-2D0B-487D-89B1-7D7DC7A00F0B, 2021-02-01T00:07:18, true
9A38F234-2D0B-487D-89B1-7D7DC7A00F0B, 2021-02-01T00:08:26, true
9A38F234-2D0B-487D-89B1-7D7DC7A00F0B, 2021-02-01T00:09:34, true
9A38F234-2D0B-487D-89B1-7D7DC7A00F0B, 2021-02-01T00:10:39, true
9A38F234-2D0B-487D-89B1-7D7DC7A00F0B, 2021-02-01T00:11:43, true
9A38F234-2D0B-487D-89B1-7D7DC7A00F0B, 2021-02-01T00:12:53, true
9A38F234-2D0B-487D-89B1-7D7DC7A00F0B, 2021-02-01T00:13:57, true
9A38F234-2D0B-487D-89B1-7D7DC7A00F0B, 2021-02-01T00:15:02, true
9A38F234-2D0B-487D-89B1-7D7DC7A00F0B, 2021-02-01T00:16:07, true
9A38F234-2D0B-487D-89B1-7D7DC7A00F0B, 2021-02-01T00:17:19, true
9A38F234-2D0B-487D-89B1-7D7DC7A00F0B, 2021-02-01T00:18:23, true
9A38F234-2D0B-487D-89B1-7D7DC7A00F0B, 2021-02-01T00:19:28, true
9A38F234-2D0B-487D-89B1-7D7DC7A00F0B, 2021-02-01T00:20:33, true
9A38F234-2D0B-487D-89B1-7D7DC7A00F0B, 2021-02-01T00:21:38, true
9A38F234-2D0B-487D-89B1-7D7DC7A00F0B, 2021-02-01T00:22:42, true
9A38F234-2D0B-487D-89B1-7D7DC7A00F0B, 2021-02-01T00:23:55, true
9A38F234-2D0B-487D-89B1-7D7DC7A00F0B, 2021-02-01T00:25:05, true
9A38F234-2D0B-487D-89B1-7D7DC7A00F0B, 2021-02-01T00:26:09, true
9A38F234-2D0B-487D-89B1-7D7DC7A00F0B, 2021-02-01T00:27:15, true
9A38F234-2D0B-487D-89B1-7D7DC7A00F0B, 2021-02-01T00:28:19, true
9A38F234-2D0B-487D-89B1-7D7DC7A00F0B, 2021-02-01T00:29:24, true
9A38F234-2D0B-487D-89B1-7D7DC7A00F0B, 2021-02-01T00:30:30, true
9A38F234-2D0B-487D-89B1-7D7DC7A00F0B, 2021-02-01T00:31:40, true
9A38F234-2D0B-487D-89B1-7D7DC7A00F0B, 2021-02-01T00:32:45, true
9A38F234-2D0B-487D-89B1-7D7DC7A00F0B, 2021-02-01T00:33:45, true
9A38F234-2D0B-487D-89B1-7D7DC7A00F0B, 2021-02-01T00:34:52, true
9A38F234-2D0B-487D-89B1-7D7DC7A00F0B, 2021-02-01T00:36:03, true
9A38F234-2D0B-487D-89B1-7D7DC7A00F0B, 2021-02-01T00:37:09, true
9A38F234-2D0B-487D-89B1-7D7DC7A00F0B, 2021-02-01T00:38:12, true
9A38F234-2D0B-487D-89B1-7D7DC7A00F0B, 2021-02-01T00:39:17, true
9A38F234-2D0B-487D-89B1-7D7DC7A00F0B, 2021-02-01T00:40:27, true
9A38F234-2D0B-487D-89B1-7D7DC7A00F0B, 2021-02-01T00:41:37, true
9A38F234-2D0B-487D-89B1-7D7DC7A00F0B, 2021-02-01T00:42:42, true
9A38F234-2D0B-487D-89B1-7D7DC7A00F0B, 2021-02-01T00:43:45, true
9A38F234-2D0B-487D-89B1-7D7DC7A00F0B, 2021-02-01T00:44:50, true
9A38F234-2D0B-487D-89B1-7D7DC7A00F0B, 2021-02-01T00:45:55, true
9A38F234-2D0B-487D-89B1-7D7DC7A00F0B, 2021-02-01T00:46:56, true
9A38F234-2D0B-487D-89B1-7D7DC7A00F0B, 2021-02-01T00:48:06, true
9A38F234-2D0B-487D-89B1-7D7DC7A00F0B, 2021-02-01T00:49:09, true
9A38F234-2D0B-487D-89B1-7D7DC7A00F0B, 2021-02-01T00:50:15, true
9A38F234-2D0B-487D-89B1-7D7DC7A00F0B, 2021-02-01T00:51:24, true
9A38F234-2D0B-487D-89B1-7D7DC7A00F0B, 2021-02-01T00:52:34, true
9A38F234-2D0B-487D-89B1-7D7DC7A00F0B, 2021-02-01T00:53:46, true
9A38F234-2D0B-487D-89B1-7D7DC7A00F0B, 2021-02-01T00:54:53, true
9A38F234-2D0B-487D-89B1-7D7DC7A00F0B, 2021-02-01T00:56:03, true
9A38F234-2D0B-487D-89B1-7D7DC7A00F0B, 2021-02-01T00:57:04, true
9A38F234-2D0B-487D-89B1-7D7DC7A00F0B, 2021-02-01T00:58:08, true
9A38F234-2D0B-487D-89B1-7D7DC7A00F0B, 2021-02-01T00:59:14, true
9A38F234-2D0B-487D-89B1-7D7DC7A00F0B, 2021-02-01T01:00:19, true
9A38F234-2D0B-487D-89B1-7D7DC7A00F0B, 2021-02-01T01:01:19, true
9A38F234-2D0B-487D-89B1-7D7DC7A00F0B, 2021-02-01T01:02:24, true
9A38F234-2D0B-487D-89B1-7D7DC7A00F0B, 2021-02-01T01:03:34, true
9A38F234-2D0B-487D-89B1-7D7DC7A00F0B, 2021-02-01T01:04:39, true
9A38F234-2D0B-487D-89B1-7D7DC7A00F0B, 2021-02-01T01:05:51, true
9A38F234-2D0B-487D-89B1-7D7DC7A00F0B, 2021-02-01T01:07:02, true
9A38F234-2D0B-487D-89B1-7D7DC7A00F0B, 2021-02-01T01:08:06, true
9A38F234-2D0B-487D-89B1-7D7DC7A00F0B, 2021-02-01T01:09:14, true
9A38F234-2D0B-487D-89B1-7D7DC7A00F0B, 2021-02-01T01:10:19, true
9A38F234-2D0B-487D-89B1-7D7DC7A00F0B, 2021-02-01T01:11:29, true
9A38F234-2D0B-487D-89B1-7D7DC7A00F0B, 2021-02-01T01:12:34, true
9A38F234-2D0B-487D-89B1-7D7DC7A00F0B, 2021-02-01T01:13:39, true
9A38F234-2D0B-487D-89B1-7D7DC7A00F0B, 2021-02-01T01:14:41, true
9A38F234-2D0B-487D-89B1-7D7DC7A00F0B, 2021-02-01T01:15:46, true
9A38F234-2D0B-487D-89B1-7D7DC7A00F0B, 2021-02-01T01:16:50, true
9A38F234-2D0B-487D-89B1-7D7DC7A00F0B, 2021-02-01T01:17:52, true
9A38F234-2D0B-487D-89B1-7D7DC7A00F0B, 2021-02-01T01:18:57, true
9A38F234-2D0B-487D-89B1-7D7DC7A00F0B, 2021-02-01T01:20:06, true
9A38F234-2D0B-487D-89B1-7D7DC7A00F0B, 2021-02-01T01:21:11, true
9A38F234-2D0B-487D-89B1-7D7DC7A00F0B, 2021-02-01T01:22:21, true
9A38F234-2D0B-487D-89B1-7D7DC7A00F0B, 2021-02-01T01:23:26, true
9A38F234-2D0B-487D-89B1-7D7DC7A00F0B, 2021-02-01T01:24:30, true
9A38F234-2D0B-487D-89B1-7D7DC7A00F0B, 2021-02-01T01:25:35, true
9A38F234-2D0B-487D-89B1-7D7DC7A00F0B, 2021-02-01T01:26:41, true
9A38F234-2D0B-487D-89B1-7D7DC7A00F0B, 2021-02-01T01:27:45, true
9A38F234-2D0B-487D-89B1-7D7DC7A00F0B, 2021-02-01T01:28:50, true
9A38F234-2D0B-487D-89B1-7D7DC7A00F0B, 2021-02-01T01:29:54, true
9A38F234-2D0B-487D-89B1-7D7DC7A00F0B, 2021-02-01T01:30:59, true
9A38F234-2D0B-487D-89B1-7D7DC7A00F0B, 2021-02-01T01:32:04, true
9A38F234-2D0B-487D-89B1-7D7DC7A00F0B, 2021-02-01T01:33:16, true
9A38F234-2D0B-487D-89B1-7D7DC7A00F0B, 2021-02-01T01:34:18, true
9A38F234-2D0B-487D-89B1-7D7DC7A00F0B, 2021-02-01T01:35:22, true
9A38F234-2D0B-487D-89B1-7D7DC7A00F0B, 2021-02-01T01:36:34, true
9A38F234-2D0B-487D-89B1-7D7DC7A00F0B, 2021-02-01T01:37:41, true
9A38F234-2D0B-487D-89B1-7D7DC7A00F0B, 2021-02-01T01:38:48, true
9A38F234-2D0B-487D-89B1-7D7DC7A00F0B, 2021-02-01T01:39:53, true
9A38F234-2D0B-487D-89B1-7D7DC7A00F0B, 2021-02-01T01:40:58, true
9A38F234-2D0B-487D-89B1-7D7DC7A00F0B, 2021-02-01T01:42:05, true
9A38F234-2D0B-487D-89B1-7D7DC7A00F0B, 2021-02-01T01:43:14, true
9A38F234-2D0B-487D-89B1-7D7DC7A00F0B, 2021-02-01T01:44:19, true
9A38F234-2D0B-487D-89B1-7D7DC7A00F0B, 2021-02-01T01:45:26, true
9A38F234-2D0B-487D-89B1-7D7DC7A00F0B, 2021-02-01T01:46:28, true
9A38F234-2D0B-487D-89B1-7D7DC7A00F0B, 2021-02-01T01:47:30, true
9A38F234-2D0B-487D-89B1-7D7DC7A00F0B, 2021-02-01T01:48:34, true
9A38F234-2D0B-487D-89B1-7D7DC7A00F0B, 2021-02-01T01:49:39, true
9A38F234-2D0B-487D-89B1-7D7DC7A00F0B, 2021-02-01T01:50:44, true
9A38F234-2D0B-487D-89B1-7D7DC7A00F0B, 2021-02-01T01:51:54, true
9A38F234-2D0B-487D-89B1-7D7DC7A00F0B, 2021-02-01T01:53:00, true
9A38F234-2D0B-487D-89B1-7D7DC7A00F0B, 2021-02-01T01:54:04, true
9A38F234-2D0B-487D-89B1-7D7DC7A00F0B, 2021-02-01T01:55:10, true
9A38F234-2D0B-487D-89B1-7D7DC7A00F0B, 2021-02-01T01:56:16, true
9A38F234-2D0B-487D-89B1-7D7DC7A00F0B, 2021-02-01T01:57:28, true
9A38F234-2D0B-487D-89B1-7D7DC7A00F0B, 2021-02-01T01:58:33, true
9A38F234-2D0B-487D-89B1-7D7DC7A00F0B, 2021-02-01T01:59:41, true
